Profitcenter	Sachkonto	S/H	costs	earning	Version	Planjahr
137000221	94000005	S	-16752		8	2017
137000220	94000005	S	-4135.68		8	2017
151000601	94000005	S	0.12		8	2017
151000603	94000005	S	0.12		8	2017
151000608	94000005	S	0.24		8	2017
130000512	94000000	S	0.36		8	2017
151000606	94000005	S	0.36		8	2017
130000512	544112	 	0.48		8	2017
166000112	571130	 	0.72		8	2017
151000604	94000005	S	0.84		8	2017
166001205	571130	 	0.84		8	2017
166001308	94000083	S	0.96		8	2017
133000202	509100	 	1.32		8	2017
130000512	543170	 	1.52		8	2017
166001205	521120	 	1.56		8	2017
151000608	94000013	S	2.16		8	2017
141000403	94000103	S	2.28		8	2017
166001202	521120	 	2.4		8	2017
166001203	521120	 	2.4		8	2017
166001204	521120	 	2.4		8	2017
166001206	521120	 	2.4		8	2017
151000603	523500	 	2.88		8	2017
151000605	94000005	S	2.88		8	2017
133000202	571140	 	3.12		8	2017
151000608	523500	 	3.12		8	2017
150001715	547400	 	3.93		8	2017
140000309	571140	 	4.44		8	2017
141001704	559900	 	4.8		8	2017
152000802	571131	 	4.8		8	2017
190600903	94000000	S	5.04		8	2017
151000608	571140	 	5.16		8	2017
150001710	547400	 	5.67		8	2017
166001202	544112	 	5.76		8	2017
166001203	544112	 	5.76		8	2017
166001204	544112	 	5.76		8	2017
166001205	544112	 	5.76		8	2017
141400407	571100	 	5.95		8	2017
133000204	94000133	S	6.36		8	2017
162000908	543170	 	6.48		8	2017
168001302	94000005	S	6.48		8	2017
150001715	559900	 	6.5		8	2017
151000608	94000163	S	6.6		8	2017
162000908	544112	 	6.96		8	2017
110000123	94000083	S	7.2		8	2017
151000603	94000163	S	7.32		8	2017
153000703	523500	 	7.4		8	2017
151000606	94000013	S	7.8		8	2017
166001202	571130	 	8.16		8	2017
166001203	571130	 	8.16		8	2017
166001204	571130	 	8.16		8	2017
150001716	581110	S	8.33		8	2017
166001205	543110	 	8.52		8	2017
130000512	543120	 	9		8	2017
141600406	541160	 	9.36		8	2017
141800404	541160	 	9.36		8	2017
130000127	94000000	S	9.6		8	2017
140000308	571140	 	9.96		8	2017
151000601	94000163	S	9.96		8	2017
168001302	94000163	S	9.96		8	2017
130000512	94000023	S	10.08		8	2017
151000608	571132	 	10.44		8	2017
141000403	94000023	S	10.56		8	2017
151000603	571132	 	10.56		8	2017
151000606	523500	 	10.92		8	2017
162000909	544112	 	10.92		8	2017
153000702	523500	 	11.28		8	2017
140000309	509100	 	11.43		8	2017
153000701	523500	 	11.64		8	2017
130000512	94000025	S	11.88		8	2017
130000512	541130	 	12		8	2017
150000501	527130	 	12		8	2017
150000511	527130	 	12		8	2017
166001205	94000073	S	12.6		8	2017
166001308	543110	 	12.72		8	2017
166001202	543110	 	12.84		8	2017
166001203	543110	 	12.84		8	2017
166001204	543110	 	12.84		8	2017
166001205	528010	 	12.84		8	2017
166001206	543110	 	12.84		8	2017
141000403	94000025	S	12.96		8	2017
166000112	544112	 	13.04		8	2017
166001206	544112	 	13.24		8	2017
150000506	543160	 	13.56		8	2017
130000512	504110	 	15		8	2017
150000506	543180	 	15		8	2017
150000511	543160	 	15		8	2017
133000206	571140	 	15.45		8	2017
151000602	94000005	S	15.48		8	2017
151000603	543170	 	15.72		8	2017
151000608	543170	 	15.72		8	2017
166001205	543190	 	15.72		8	2017
151000604	523500	 	16.56		8	2017
140000303	571100	 	16.66		8	2017
152000802	571100	 	17.04		8	2017
121000121	571140	 	17.41		8	2017
162000906	543170	 	17.64		8	2017
153001701	559900	 	17.7		8	2017
156001402	94000025	S	17.88		8	2017
150000511	94000143	S	18		8	2017
120000120	94000025	S	18.72		8	2017
125000108	543120	 	18.81		8	2017
141400407	543130	 	18.84		8	2017
141500408	541160	 	18.84		8	2017
141700405	541160	 	18.84		8	2017
141700405	543130	 	18.84		8	2017
162000906	544112	 	18.84		8	2017
150000511	543170	 	18.96		8	2017
166001202	528010	 	19.32		8	2017
166001203	528010	 	19.32		8	2017
166001204	528010	 	19.32		8	2017
166001206	528010	 	19.32		8	2017
166001308	528010	 	19.47		8	2017
153000704	523500	 	19.68		8	2017
140000308	509100	 	19.71		8	2017
166001205	504110	 	19.92		8	2017
110660130	94000005	S	20.04		8	2017
125000108	94000005	S	20.04		8	2017
166001205	94000163	S	20.04		8	2017
190600903	94000005	S	20.04		8	2017
137001720	559900	 	20.1		8	2017
150001710	559900	 	20.8		8	2017
153000702	543130	 	21.24		8	2017
153001701	547400	 	21.4		8	2017
153000701	543130	 	21.96		8	2017
110000119	94000023	S	22.92		8	2017
151000603	544112	 	22.92		8	2017
190000414	94000023	S	22.92		8	2017
190400412	571140	 	22.92		8	2017
166001308	543190	 	23.23		8	2017
151000608	544112	 	23.52		8	2017
166001202	543190	 	23.64		8	2017
166001203	543190	 	23.64		8	2017
166001204	543190	 	23.64		8	2017
166001206	543190	 	23.64		8	2017
151000608	509100	 	23.99		8	2017
150000511	94000013	S	24		8	2017
151000606	94000163	S	24.24		8	2017
140000309	94000163	S	24.84		8	2017
166000112	571131	 	25.44		8	2017
166000112	528010	 	25.68		8	2017
166001205	571131	 	25.74		8	2017
110000109	94000083	S	26.04		8	2017
150000511	94000183	S	26.16		8	2017
153000703	521110	 	26.16		8	2017
141001704	529100	 	26.58		8	2017
110770131	525500	 	26.59		8	2017
151000608	94000143	S	26.88		8	2017
150000506	94000143	S	27		8	2017
190400412	504110	 	27.12		8	2017
141000403	504110	 	27.36		8	2017
166001201	521120	 	27.39		8	2017
150000511	543120	 	27.96		8	2017
150000511	571140	 	27.96		8	2017
150000501	571140	 	28.08		8	2017
110770131	543110	 	28.19		8	2017
130000512	94000073	S	28.44		8	2017
150000506	543170	 	28.52		8	2017
151000606	571132	 	29.16		8	2017
103001501	94000055	S	30		8	2017
150000503	527130	 	30		8	2017
150000504	527130	 	30		8	2017
150000507	527130	 	30		8	2017
150000508	527130	 	30		8	2017
156000208	543120	 	30		8	2017
166001202	94000163	S	30		8	2017
166001203	94000163	S	30		8	2017
166001204	94000163	S	30		8	2017
166001206	94000163	S	30		8	2017
166001308	94000163	S	30		8	2017
150001708	581110	S	30.22		8	2017
125000108	509100	 	30.43		8	2017
151000601	94000013	S	30.72		8	2017
110000124	94000083	S	31.92		8	2017
190400413	504110	 	32.04		8	2017
133000207	94000023	S	32.4		8	2017
166001202	571131	 	32.4		8	2017
166001203	571131	 	32.4		8	2017
162000908	543160	 	32.52		8	2017
166001308	571140	 	32.68		8	2017
130000512	94000063	S	33.84		8	2017
152000801	571100	 	34.32		8	2017
110880132	509100	 	34.87		8	2017
150000510	543190	 	34.92		8	2017
152000803	526100	 	34.92		8	2017
152000802	526100	 	35.04		8	2017
150001709	559900	 	35.1		8	2017
150001715	529100	 	35.73		8	2017
190400413	504100	 	35.76		8	2017
150000506	94000013	S	36		8	2017
141000403	94000073	S	36.12		8	2017
166001206	571140	 	36.52		8	2017
151000608	94000065	S	37.44		8	2017
141000402	541160	 	37.56		8	2017
141000402	543130	 	37.56		8	2017
150000503	543160	 	37.56		8	2017
150000507	543160	 	37.56		8	2017
150000508	543160	 	37.56		8	2017
152000801	571131	 	38.34		8	2017
121000122	544112	 	38.4		8	2017
166001206	543160	 	38.78		8	2017
168001303	94000005	S	39		8	2017
152000802	544112	 	39.88		8	2017
102000103	94000005	S	39.96		8	2017
110660130	94000143	S	39.96		8	2017
125000108	94000000	S	39.96		8	2017
150001708	543190	 	40		8	2017
150001709	545100	 	40		8	2017
152000801	544112	 	40.08		8	2017
153000702	521110	 	40.08		8	2017
161000215	94000025	S	40.56		8	2017
153000701	521110	 	41.4		8	2017
166000112	543190	 	41.44		8	2017
153000703	543170	 	41.58		8	2017
150000506	543120	 	42		8	2017
151000601	523500	 	42.84		8	2017
166001205	571100	 	43.2		8	2017
151000603	94000065	S	43.44		8	2017
137000220	528010	 	43.82		8	2017
140000306	94000163	S	43.92		8	2017
150000511	544112	 	44.04		8	2017
150001713	559900	 	44.5		8	2017
141400407	525500	 	44.76		8	2017
141400407	543140	 	44.76		8	2017
150000503	94000143	S	45		8	2017
150000507	94000143	S	45		8	2017
150000508	94000143	S	45		8	2017
110990133	524150	 	45.2		8	2017
111000115	529100	 	45.48		8	2017
133000206	94000005	S	45.48		8	2017
166001204	504110	 	45.72		8	2017
166001202	504110	 	45.84		8	2017
166001203	504110	 	45.84		8	2017
166001205	94000025	S	46.08		8	2017
111000115	541130	 	46.73		8	2017
111000115	543190	 	46.73		8	2017
111000116	543171	 	46.99		8	2017
125000108	543190	 	46.99		8	2017
161001003	543160	 	46.99		8	2017
153000701	571132	 	47.04		8	2017
150000503	543170	 	47.52		8	2017
150000507	543170	 	47.52		8	2017
150000508	543170	 	47.52		8	2017
150001714	547400	 	47.61		8	2017
166001308	571100	 	48.42		8	2017
168001302	94000033	S	48.48		8	2017
150001709	581113	S	48.75		8	2017
151000606	543170	 	49.08		8	2017
133000201	571130	 	49.12		8	2017
150000507	542100	 	49.84		8	2017
166001205	529100	 	49.92		8	2017
111000116	544200	 	50		8	2017
111000116	581100	S	50		8	2017
133000203	521120	 	50		8	2017
133000204	543130	 	50		8	2017
141700405	544110	 	50		8	2017
150001708	533990	 	50		8	2017
150001708	543140	 	50		8	2017
150001713	533990	 	50		8	2017
150001716	533990	 	50		8	2017
150000503	542100	 	50.04		8	2017
150000503	543190	 	50.04		8	2017
150001005	543190	 	50.12		8	2017
101000102	543110	 	50.5		8	2017
103001502	543110	 	50.5		8	2017
114000107	544112	 	50.5		8	2017
190600903	571140	 	50.79		8	2017
130000127	544112	 	51.52		8	2017
130000512	509100	 	51.68		8	2017
133000207	509100	 	52.44		8	2017
190400413	94000023	S	52.8		8	2017
153000703	543150	 	52.92		8	2017
140000302	94000163	S	53.16		8	2017
190000113	504110	 	53.4		8	2017
152000801	527130	 	54		8	2017
151000604	94000163	S	54.96		8	2017
150000501	543160	 	55.56		8	2017
140000308	94000163	S	55.92		8	2017
140001703	559900	 	56.3		8	2017
141000402	543120	 	56.4		8	2017
141600406	94000013	S	56.52		8	2017
141800404	94000013	S	56.52		8	2017
151000601	94000065	S	56.52		8	2017
140000309	94000073	S	56.88		8	2017
190400412	94000073	S	57		8	2017
150000511	543180	 	57.96		8	2017
166001202	543130	 	58.08		8	2017
166001203	543130	 	58.08		8	2017
166001204	543130	 	58.08		8	2017
141000403	94000013	S	59.52		8	2017
190000113	504100	 	59.52		8	2017
162000907	543170	 	59.64		8	2017
104000105	94000003	S	60		8	2017
114000107	94000025	S	60		8	2017
133000202	94000025	S	60		8	2017
141000402	581112	S	60		8	2017
150000503	94000013	S	60		8	2017
150000507	94000013	S	60		8	2017
150000508	94000013	S	60		8	2017
156001401	94000005	S	60		8	2017
161000215	544112	 	60		8	2017
166000112	94000055	S	60		8	2017
168001302	543110	 	60		8	2017
121000121	544112	 	61.6		8	2017
130000512	94000003	S	62.16		8	2017
162000907	544112	 	63.28		8	2017
153000702	543170	 	63.72		8	2017
166001204	94000073	S	63.96		8	2017
166001202	94000073	S	64.2		8	2017
166001203	94000073	S	64.2		8	2017
166001205	509100	 	65.29		8	2017
150000507	94000183	S	65.4		8	2017
150000508	94000183	S	65.4		8	2017
153000701	543170	 	65.88		8	2017
190600903	94000023	S	65.88		8	2017
150000506	544112	 	66		8	2017
150000501	94000163	S	66.72		8	2017
150000504	94000163	S	66.72		8	2017
150000506	94000163	S	66.72		8	2017
150000507	94000163	S	66.72		8	2017
150000508	94000163	S	66.72		8	2017
150000510	94000163	S	66.72		8	2017
150000511	94000163	S	66.72		8	2017
168001302	571100	 	67.1		8	2017
150001717	581113	S	67.5		8	2017
140000307	94000163	S	68.64		8	2017
166001202	94000025	S	69		8	2017
166001206	94000025	S	69		8	2017
161000215	94000055	S	69.24		8	2017
153000704	521110	 	69.61		8	2017
133000202	94000023	S	69.72		8	2017
141400407	94000005	S	69.96		8	2017
150000503	543120	 	69.96		8	2017
150000507	543120	 	69.96		8	2017
150000507	571140	 	69.96		8	2017
150000508	571140	 	69.96		8	2017
141000402	581115	S	70		8	2017
152000801	543120	 	70		8	2017
156000208	542900	 	70		8	2017
140001702	559900	 	72		8	2017
150000510	94000143	S	72		8	2017
166001206	571100	 	72.96		8	2017
133000207	571140	 	73.11		8	2017
141800404	544200	 	75		8	2017
141000401	541160	 	75.19		8	2017
140001702	547400	 	76.02		8	2017
151000601	571140	 	76.32		8	2017
141600406	94000143	S	76.44		8	2017
141800404	94000143	S	76.44		8	2017
140000305	94000163	S	76.92		8	2017
151000606	544112	 	77.16		8	2017
110000119	94000073	S	77.88		8	2017
190000414	94000073	S	77.88		8	2017
190400413	94000073	S	77.88		8	2017
150001714	559900	 	78.6		8	2017
110770131	524150	 	79.76		8	2017
166001205	525500	 	79.92		8	2017
150001717	524190	 	80		8	2017
190400413	543170	 	80		8	2017
110000109	94000005	S	80.04		8	2017
141000402	94000073	S	80.28		8	2017
141000403	94000143	S	80.52		8	2017
161000215	94000073	S	81		8	2017
151000603	545200	 	82.68		8	2017
151000606	94000143	S	82.68		8	2017
151000608	545200	 	83.28		8	2017
168001301	94000005	S	84.48		8	2017
168001302	543120	 	84.96		8	2017
166000112	504110	 	85.44		8	2017
150000504	543170	 	85.52		8	2017
140000303	94000163	S	86.04		8	2017
150001711	559900	 	86.8		8	2017
166001206	504110	 	87.36		8	2017
156001402	504110	 	87.6		8	2017
104000105	571140	 	88.35		8	2017
141800404	521110	 	88.63		8	2017
156001401	525500	 	88.63		8	2017
152000802	509100	 	88.65		8	2017
166000112	571100	 	89.28		8	2017
133000201	94000005	S	89.4		8	2017
150001005	527130	 	90		8	2017
166000112	94000163	S	90		8	2017
151000604	543170	 	90.12		8	2017
151000605	523500	 	90.6		8	2017
141000402	94000103	S	91.56		8	2017
120000120	94000005	S	93.84		8	2017
141000402	541130	 	93.96		8	2017
120000120	543150	 	93.98		8	2017
141000401	543140	 	93.98		8	2017
156001401	543140	 	93.98		8	2017
156001402	541160	 	93.98		8	2017
156001402	543120	 	93.98		8	2017
161000215	543120	 	93.98		8	2017
161000901	543110	 	93.98		8	2017
161001003	541160	 	93.98		8	2017
161001003	543120	 	93.98		8	2017
163000904	541130	 	93.98		8	2017
114000107	94000083	S	95.52		8	2017
150000510	94000013	S	96		8	2017
153001701	529100	 	97.18		8	2017
150000501	94000143	S	99		8	2017
104000105	94000002	S	99.01		8	2017
166001205	94000033	S	99.36		8	2017
168001302	525500	 	99.96		8	2017
104000105	501900	 	100		8	2017
110660130	542900	 	100		8	2017
111000116	531700	 	100		8	2017
133000204	542100	 	100		8	2017
133000206	541130	 	100		8	2017
137000220	541130	 	100		8	2017
140000306	541160	 	100		8	2017
141700405	543140	 	100		8	2017
150000510	523800	 	100		8	2017
150001709	544115	 	100		8	2017
150001717	544115	 	100		8	2017
152000801	524150	 	100		8	2017
153000701	544112	 	100		8	2017
153000702	523800	 	100		8	2017
153000704	523800	 	100		8	2017
161000901	544112	 	100		8	2017
161000902	543160	 	100		8	2017
161000902	543170	 	100		8	2017
190000113	501900	 	100		8	2017
190400413	543151	 	100		8	2017
152000803	543170	 	100.04		8	2017
110990133	94000023	S	100.2		8	2017
141001707	559900	 	100.2		8	2017
101000102	523400	 	101		8	2017
101000102	543140	 	101		8	2017
103001502	543140	 	101		8	2017
140001703	581113	S	101.25		8	2017
150000501	543180	 	102.84		8	2017
190001507	94000083	S	103.8		8	2017
190600903	94000073	S	103.8		8	2017
162000909	543170	 	104.2		8	2017
150000501	543170	 	104.28		8	2017
190000414	504110	 	104.64		8	2017
156001402	94000073	S	104.88		8	2017
156001307	571140	 	106.42		8	2017
166000112	94000073	S	106.8		8	2017
152000802	571110	 	107.64		8	2017
190400412	94000003	S	108		8	2017
162000907	571100	 	108.74		8	2017
141500408	544112	 	110		8	2017
114000107	94000143	S	110.04		8	2017
133000207	94000073	S	110.04		8	2017
150000503	544112	 	110.04		8	2017
150000507	544112	 	110.04		8	2017
150000508	544112	 	110.04		8	2017
137001720	529100	 	110.51		8	2017
102000103	541160	 	111.1		8	2017
166001202	571110	 	111.84		8	2017
166001203	571110	 	111.84		8	2017
140000310	94000143	S	112.68		8	2017
141000402	543190	 	112.8		8	2017
141600406	545100	 	112.8		8	2017
140000301	94000143	S	113.04		8	2017
140000302	94000143	S	113.04		8	2017
140000303	94000143	S	113.04		8	2017
140000304	94000143	S	113.04		8	2017
140000305	94000143	S	113.04		8	2017
140000306	94000143	S	113.04		8	2017
140000307	94000143	S	113.04		8	2017
140000308	94000143	S	113.04		8	2017
140000309	94000143	S	113.04		8	2017
141400407	94000013	S	113.04		8	2017
141500408	94000013	S	113.04		8	2017
141700405	94000013	S	113.04		8	2017
120101601	543190	 	113.05		8	2017
161000215	504110	 	113.16		8	2017
168001302	524130	 	113.52		8	2017
104000105	94000073	S	113.84		8	2017
104000105	504110	 	114.16		8	2017
150001710	529100	 	114.17		8	2017
150000501	543190	 	114.96		8	2017
110000119	94000063	S	115.2		8	2017
161000215	94000163	S	115.44		8	2017
190400412	94000173	S	115.56		8	2017
121000121	543170	 	115.8		8	2017
190400412	94000063	S	115.8		8	2017
166000112	94000025	S	116.04		8	2017
150000504	94000183	S	117.84		8	2017
166001308	94000025	S	118.92		8	2017
166001202	543160	 	119.54		8	2017
166001203	543160	 	119.54		8	2017
133000204	571123	 	119.96		8	2017
111000116	94000005	S	120		8	2017
114000107	94000013	S	120		8	2017
150001715	531800	 	120		8	2017
166001202	525500	 	120		8	2017
166001203	525500	 	120		8	2017
166001206	525500	 	120.24		8	2017
141000402	504110	 	120.36		8	2017
168001302	524110	 	120.48		8	2017
151000606	94000065	S	121.08		8	2017
190400412	94000103	S	121.2		8	2017
125000108	94000083	S	121.92		8	2017
141001704	531800	 	122		8	2017
153000702	571132	 	123.24		8	2017
150000506	543190	 	125.04		8	2017
168001719	559900	 	125.1		8	2017
166001204	543160	 	125.56		8	2017
110990133	509100	 	126.16		8	2017
190400412	94000025	S	126.36		8	2017
153000703	543130	 	126.6		8	2017
140000308	94000073	S	127.56		8	2017
141000403	509100	 	128.4		8	2017
120000120	543190	 	128.52		8	2017
166001204	571100	 	128.76		8	2017
166001202	571100	 	129		8	2017
166001203	571100	 	129		8	2017
190400412	94000083	S	129.24		8	2017
190000113	94000073	S	129.72		8	2017
166001206	543130	 	129.88		8	2017
168001301	94000163	S	130.08		8	2017
166000112	543130	 	130.92		8	2017
151000604	544112	 	131.88		8	2017
150000501	94000013	S	132		8	2017
150000503	509100	 	132.88		8	2017
141000401	525500	 	132.94		8	2017
150001005	94000163	S	132.96		8	2017
150000503	94000163	S	133.32		8	2017
161000215	94000063	S	133.32		8	2017
168001302	571130	 	133.33		8	2017
140000306	571100	 	133.4		8	2017
166001202	541130	 	133.44		8	2017
166001203	541130	 	133.44		8	2017
166001204	541130	 	133.44		8	2017
166001205	541130	 	133.44		8	2017
133000203	509100	 	134.26		8	2017
151000603	504110	 	134.4		8	2017
141000402	509100	 	134.62		8	2017
104000105	94000083	S	135		8	2017
166000112	526100	 	135		8	2017
156001307	542900	 	136		8	2017
133000203	94000073	S	136.56		8	2017
166001205	94000003	S	137.16		8	2017
140000304	94000163	S	139.32		8	2017
162000908	541130	 	139.58		8	2017
166001205	571140	 	139.8		8	2017
190000113	544112	 	140		8	2017
130000127	543170	 	143.48		8	2017
163000904	94000065	S	144.36		8	2017
120000120	94000133	S	144.48		8	2017
150000503	543180	 	144.96		8	2017
150000507	543180	 	144.96		8	2017
150000508	543180	 	144.96		8	2017
151000601	571132	 	145.08		8	2017
162000909	543160	 	145.12		8	2017
166001201	543110	 	145.31		8	2017
110770131	571140	 	148.01		8	2017
123000128	543120	 	150		8	2017
137000220	543110	 	150		8	2017
140001703	544115	 	150		8	2017
141400407	542100	 	150		8	2017
150001709	524140	 	150		8	2017
150001717	524140	 	150		8	2017
152000801	543190	 	150		8	2017
190600903	543110	 	150		8	2017
130000512	94000083	S	150.24		8	2017
166001201	544112	 	150.68		8	2017
101000102	523800	 	151.5		8	2017
104000105	543180	 	151.5		8	2017
150001005	543170	 	152.24		8	2017
125000108	94000023	S	153		8	2017
141400407	94000143	S	153		8	2017
141500408	94000143	S	153		8	2017
141700405	94000143	S	153		8	2017
166001206	94000073	S	153.24		8	2017
163000904	509100	 	153.69		8	2017
150000501	543120	 	153.84		8	2017
150001709	581115	S	154		8	2017
103001502	543120	 	155		8	2017
141001705	559900	 	155		8	2017
110660130	94000073	S	155.52		8	2017
110770131	94000073	S	155.52		8	2017
110990133	94000073	S	155.52		8	2017
162000908	94000065	S	156.12		8	2017
141000403	94000063	S	157.44		8	2017
152000802	94000073	S	159.36		8	2017
162000908	571132	 	159.36		8	2017
104000105	94000000	S	159.96		8	2017
110000123	94000003	S	160.08		8	2017
168001302	524150	 	160.16		8	2017
140000310	94000163	S	160.2		8	2017
141500408	504110	 	161.4		8	2017
166001308	504110	 	163.32		8	2017
168001303	94000033	S	164.88		8	2017
110660130	94000023	S	165		8	2017
151000608	94000003	S	165.96		8	2017
137000221	571130	 	166.08		8	2017
151000608	94000083	S	166.08		8	2017
140000306	509100	 	166.77		8	2017
141500408	94000073	S	167.64		8	2017
141000401	94000073	S	168.72		8	2017
141400407	541160	 	168.84		8	2017
166001203	94000025	S	168.96		8	2017
141200410	94000013	S	169.68		8	2017
151000603	94000073	S	169.68		8	2017
150000506	94000073	S	171.48		8	2017
130000512	504100	 	173.64		8	2017
150000510	544112	 	175.92		8	2017
110000119	504110	 	177.12		8	2017
133000202	529100	 	177.25		8	2017
190600903	525500	 	177.25		8	2017
161001003	94000055	S	179.76		8	2017
110660130	509100	 	179.89		8	2017
110660130	544112	 	180		8	2017
133000201	541120	 	180		8	2017
166001206	94000143	S	180		8	2017
151000605	94000163	S	180.12		8	2017
161000215	94000065	S	180.48		8	2017
141600406	571132	 	180.84		8	2017
141800404	571132	 	180.84		8	2017
140000309	504110	 	181.32		8	2017
110880132	94000073	S	181.44		8	2017
140000305	571100	 	183.26		8	2017
190400412	504100	 	186.84		8	2017
151000603	94000063	S	187.32		8	2017
156001307	543120	 	187.93		8	2017
125000108	543170	 	187.95		8	2017
120000120	543160	 	187.96		8	2017
121000122	543160	 	187.96		8	2017
141000401	543160	 	187.96		8	2017
156001401	543150	 	187.96		8	2017
162000907	543120	 	187.96		8	2017
163000904	543110	 	187.96		8	2017
151000608	94000073	S	188.28		8	2017
166001202	545100	 	188.4		8	2017
166001203	545100	 	188.4		8	2017
166001204	545100	 	188.4		8	2017
166001205	545100	 	188.52		8	2017
190000104	571140	 	189.3		8	2017
166001308	543130	 	189.37		8	2017
190000104	94000003	S	189.96		8	2017
141000403	571132	 	190.44		8	2017
152000802	94000083	S	190.56		8	2017
150001716	559900	 	190.8		8	2017
151000603	94000003	S	191.4		8	2017
151000603	94000083	S	191.88		8	2017
150001709	529100	 	192.61		8	2017
152000803	94000003	S	192.72		8	2017
110770131	509100	 	192.81		8	2017
141000401	509100	 	193.76		8	2017
150000511	509100	 	194.42		8	2017
133000205	94000005	S	197.52		8	2017
133000204	94000005	S	197.64		8	2017
162000908	94000073	S	197.88		8	2017
150000504	544112	 	198		8	2017
168001303	543110	 	198.96		8	2017
121000122	94000065	S	199.32		8	2017
162000908	94000003	S	199.56		8	2017
133000201	543110	 	200		8	2017
133000203	543110	 	200		8	2017
133000206	543190	 	200		8	2017
133000207	541130	 	200		8	2017
137000221	543110	 	200		8	2017
141000402	581114	S	200		8	2017
162000907	542900	 	200		8	2017
166001204	581113	S	200		8	2017
120000120	94000163	S	200.04		8	2017
190001507	504110	 	200.88		8	2017
110000123	504110	 	201.36		8	2017
101000102	542100	 	202		8	2017
101000102	542900	 	202		8	2017
102000103	543110	 	202		8	2017
114000107	541160	 	202		8	2017
190400412	543160	 	202		8	2017
190400412	543180	 	202		8	2017
151000601	509100	 	202.8		8	2017
130000127	94000023	S	205.68		8	2017
103001502	571100	 	208		8	2017
153000701	94000143	S	209.16		8	2017
166001308	525500	 	209.26		8	2017
110770131	504110	 	209.28		8	2017
161001003	94000073	S	210.12		8	2017
110200126	94000083	S	212.64		8	2017
153000702	94000013	S	213.12		8	2017
140000301	94000013	S	213.96		8	2017
140000302	94000013	S	213.96		8	2017
140000303	94000013	S	213.96		8	2017
140000304	94000013	S	213.96		8	2017
140000305	94000013	S	213.96		8	2017
140000306	94000013	S	213.96		8	2017
140000307	94000013	S	213.96		8	2017
140000308	94000013	S	213.96		8	2017
140000309	94000013	S	213.96		8	2017
168001302	94000083	S	214.32		8	2017
156001402	94000163	S	218.76		8	2017
166001201	528010	 	219.24		8	2017
190400412	94000023	S	219.6		8	2017
133000203	525100	 	220		8	2017
110770131	581113	S	221.57		8	2017
151000601	543170	 	222.24		8	2017
150000507	509100	 	223.56		8	2017
150001005	543120	 	224.24		8	2017
141400407	545100	 	225.6		8	2017
141500408	545100	 	225.6		8	2017
141000402	94000013	S	226.08		8	2017
141000401	571140	 	226.19		8	2017
110000123	94000073	S	227.04		8	2017
153000701	94000013	S	227.88		8	2017
130000512	514100	 	229.32		8	2017
141200410	94000143	S	229.32		8	2017
153000703	94000065	S	229.68		8	2017
125000108	94000073	S	233.52		8	2017
151000604	571130	 	234.25		8	2017
120000120	543170	 	234.95		8	2017
121000122	543120	 	234.95		8	2017
137000220	541160	 	234.95		8	2017
156001402	541130	 	234.95		8	2017
161000215	541130	 	234.95		8	2017
163000904	543120	 	234.95		8	2017
102000103	543120	 	236.7		8	2017
133000202	94000073	S	237.12		8	2017
130000127	94000025	S	238.08		8	2017
153000703	571132	 	239.16		8	2017
162000908	504110	 	241.56		8	2017
150000501	544112	 	242.16		8	2017
121000122	509100	 	244.25		8	2017
168001302	543130	 	244.32		8	2017
162000909	94000065	S	245.4		8	2017
190400412	514100	 	247.44		8	2017
151000605	571140	 	249.18		8	2017
153000703	543120	 	249.48		8	2017
151000601	94000003	S	249.84		8	2017
110880132	94000013	S	249.96		8	2017
140000301	527130	 	250		8	2017
140000301	543165	 	250		8	2017
140000306	527130	 	250		8	2017
190000113	543180	 	250		8	2017
190400413	541130	 	250		8	2017
190600903	543120	 	250		8	2017
190600903	543160	 	250		8	2017
166000112	509100	 	250.21		8	2017
151000601	94000083	S	250.32		8	2017
162000909	571132	 	250.48		8	2017
150001717	581115	S	250.6		8	2017
104000105	543120	 	252.5		8	2017
152000801	571123	 	253.03		8	2017
140000309	94000033	S	253.32		8	2017
101000102	94000073	S	259.2		8	2017
110880132	524150	 	260		8	2017
168001303	94000163	S	260.04		8	2017
190001507	94000063	S	260.28		8	2017
137000220	543190	 	260.6		8	2017
156001307	94000073	S	262.8		8	2017
110770131	543120	 	263.14		8	2017
162000908	94000000	S	264.84		8	2017
150000501	525500	 	265.92		8	2017
150000511	525500	 	266.04		8	2017
150000507	94000073	S	266.28		8	2017
150000502	94000163	S	266.64		8	2017
110000123	94000000	S	266.76		8	2017
166001201	543190	 	267.36		8	2017
141300409	528010	 	268.54		8	2017
130000512	506100	 	268.56		8	2017
190000113	571140	 	269.54		8	2017
166001204	509100	 	269.77		8	2017
150000508	543120	 	269.96		8	2017
166001202	509100	 	270.13		8	2017
166001203	509100	 	270.13		8	2017
153000703	94000013	S	270.24		8	2017
141000402	529100	 	270.35		8	2017
130000127	509100	 	272.06		8	2017
110000119	94000011	S	274.01		8	2017
153000703	571140	 	275.64		8	2017
130000512	94000033	S	276.72		8	2017
153000703	541160	 	277.2		8	2017
162000908	94000163	S	277.2		8	2017
140000309	94000083	S	277.32		8	2017
152000801	526100	 	280.04		8	2017
190000104	543110	 	280.39		8	2017
141000401	504110	 	280.8		8	2017
110660130	504110	 	281.88		8	2017
110990133	504110	 	281.88		8	2017
121000122	543190	 	281.94		8	2017
123000128	543170	 	281.94		8	2017
161000901	543120	 	281.94		8	2017
163001001	543110	 	281.94		8	2017
166001201	543120	 	281.94		8	2017
162000908	94000025	S	284.16		8	2017
166001205	94000083	S	284.28		8	2017
150000506	509100	 	289.14		8	2017
190400412	506100	 	290.04		8	2017
152000802	504110	 	290.76		8	2017
140000301	94000163	S	291		8	2017
133000203	504110	 	291.72		8	2017
150001713	529100	 	294.47		8	2017
110990133	571140	 	295.26		8	2017
190400412	94000000	S	296.28		8	2017
166001206	541130	 	298.76		8	2017
166000112	543110	 	298.98		8	2017
123000128	543130	 	300		8	2017
137000221	543120	 	300		8	2017
140000302	541160	 	300		8	2017
140000306	94000025	S	300		8	2017
156001401	94000153	S	300		8	2017
166001204	581114	S	300		8	2017
190001507	94000000	S	300		8	2017
190600903	543130	 	300		8	2017
168001302	524140	 	301.08		8	2017
166000112	541130	 	301.36		8	2017
150000501	545200	 	301.92		8	2017
150000511	545200	 	302.04		8	2017
113000114	543110	 	303		8	2017
141000402	94000143	S	305.88		8	2017
137000221	509100	 	306.52		8	2017
133000206	509100	 	307.26		8	2017
137000220	509100	 	307.9		8	2017
140001703	529100	 	309.4		8	2017
162000909	94000073	S	310.92		8	2017
153000703	94000000	S	311.16		8	2017
190001507	94000073	S	311.4		8	2017
151000601	94000073	S	312.12		8	2017
133000207	504110	 	312.24		8	2017
151000603	94000025	S	312.36		8	2017
140000302	504110	 	312.48		8	2017
161000902	94000073	S	313.32		8	2017
162000909	94000003	S	313.92		8	2017
133000203	581113	S	315		8	2017
153000702	94000143	S	316.56		8	2017
161000901	94000055	S	317.64		8	2017
102000118	94000023	S	317.88		8	2017
104000105	94000011	S	318.34		8	2017
151000604	94000065	S	318.36		8	2017
153000702	543190	 	318.72		8	2017
130000512	515100	 	319.44		8	2017
121000121	94000065	S	319.68		8	2017
102000118	94000003	S	320.04		8	2017
150000503	94000073	S	321.24		8	2017
162000908	94000013	S	322.92		8	2017
162000906	543160	 	323.37		8	2017
150000502	94000143	S	324		8	2017
140001703	581115	S	324.8		8	2017
150000506	94000063	S	325.2		8	2017
150000502	543160	 	327.36		8	2017
140000306	504110	 	327.48		8	2017
140000308	504110	 	328.8		8	2017
161000215	509100	 	329.06		8	2017
153000701	543190	 	329.45		8	2017
150000502	527130	 	330		8	2017
190000113	94000003	S	330		8	2017
150000508	94000073	S	330.12		8	2017
151000601	544112	 	330.84		8	2017
190600903	504110	 	332.88		8	2017
141000403	94000033	S	334.68		8	2017
102000118	94000073	S	337.2		8	2017
168001302	504110	 	338.28		8	2017
166001201	94000163	S	339.96		8	2017
190400412	515100	 	345		8	2017
151000604	571131	 	345.49		8	2017
151000603	541130	 	346.44		8	2017
151000608	541130	 	348.96		8	2017
151000608	94000023	S	349.44		8	2017
140000308	94000003	S	349.92		8	2017
152000803	525120	 	349.92		8	2017
190000113	543160	 	350		8	2017
152000802	525120	 	350.04		8	2017
170001102	545100	 	351.19		8	2017
150001005	544112	 	351.76		8	2017
153000702	94000065	S	352.08		8	2017
114000107	543190	 	353.5		8	2017
162000909	541130	 	353.72		8	2017
140000303	509100	 	354.34		8	2017
166001308	94000073	S	355.44		8	2017
102000118	504110	 	356.52		8	2017
150000501	94000065	S	357.84		8	2017
150000504	94000065	S	357.84		8	2017
150000506	94000065	S	357.84		8	2017
150000507	94000065	S	357.84		8	2017
150000508	94000065	S	357.84		8	2017
150000511	94000065	S	357.84		8	2017
151000606	525500	 	358.05		8	2017
152000802	94000025	S	358.2		8	2017
162000906	541130	 	358.67		8	2017
140000310	545100	 	360		8	2017
150000511	94000073	S	360.48		8	2017
141300409	571132	 	361.8		8	2017
141400407	571132	 	361.8		8	2017
141500408	571132	 	361.8		8	2017
141700405	571132	 	361.8		8	2017
153000701	94000065	S	363.84		8	2017
161001207	94000055	S	364.68		8	2017
153001701	531700	 	365		8	2017
110880132	504110	 	365.16		8	2017
150001716	581115	S	365.4		8	2017
156001402	571132	 	366.6		8	2017
111000115	94000073	S	367.08		8	2017
161000901	94000073	S	370.8		8	2017
111000115	504110	 	372.48		8	2017
140000310	94000013	S	374.28		8	2017
163001001	94000065	S	374.64		8	2017
141000401	543110	 	375.92		8	2017
156001307	541160	 	375.92		8	2017
156001307	543130	 	375.92		8	2017
161001207	543120	 	375.92		8	2017
163000904	543180	 	375.92		8	2017
150000510	543170	 	375.96		8	2017
150000511	541130	 	375.96		8	2017
156000208	94000163	S	376.08		8	2017
156001307	94000163	S	376.32		8	2017
140000310	94000073	S	378.36		8	2017
151000602	523500	 	378.58		8	2017
141600406	543110	 	379.68		8	2017
133000203	94000013	S	380.04		8	2017
190600903	94000033	S	381		8	2017
153000702	543120	 	382.44		8	2017
166001201	571130	 	383.57		8	2017
151000601	94000143	S	383.76		8	2017
150001708	581111	S	388.22		8	2017
150001710	531800	 	390		8	2017
140000309	94000065	S	392.76		8	2017
190000414	509100	 	393.21		8	2017
125000108	571140	 	394.52		8	2017
153000703	94000073	S	394.92		8	2017
153000701	543120	 	395.28		8	2017
140001702	529100	 	395.69		8	2017
101000102	504110	 	397.2		8	2017
153000703	504110	 	398.64		8	2017
110990133	94000013	S	399.96		8	2017
152000801	94000003	S	399.96		8	2017
166001103	94000163	S	399.96		8	2017
110000123	543120	 	400		8	2017
110880132	543120	 	400		8	2017
133000202	541130	 	400		8	2017
150001709	524150	 	400		8	2017
161000901	543150	 	400		8	2017
166001204	581112	S	400		8	2017
190400412	501900	 	400		8	2017
190400412	542900	 	400		8	2017
190600903	543180	 	400		8	2017
140000303	504110	 	401.52		8	2017
103001501	542900	 	404		8	2017
104000105	541130	 	404		8	2017
104000105	543170	 	405		8	2017
137000220	581113	S	405		8	2017
150001709	581114	S	408.08		8	2017
150001716	581114	S	408.08		8	2017
166000112	581113	S	410		8	2017
166001201	581113	S	410		8	2017
140000305	504110	 	410.76		8	2017
190000104	94000073	S	415.08		8	2017
162000909	94000000	S	415.92		8	2017
150001708	581113	S	419.12		8	2017
161001003	504110	 	420		8	2017
133000201	94000163	S	421.56		8	2017
166001206	545100	 	422.76		8	2017
156000208	543130	 	422.91		8	2017
156001402	543130	 	422.91		8	2017
141700405	94000003	S	423.36		8	2017
162000906	94000065	S	423.84		8	2017
153000702	541160	 	424.95		8	2017
166001205	543180	 	425.4		8	2017
161001207	94000073	S	426		8	2017
166001206	94000083	S	426.24		8	2017
110000123	94000025	S	426.48		8	2017
166001202	94000083	S	426.48		8	2017
166001203	94000083	S	426.48		8	2017
166001204	94000083	S	426.48		8	2017
156001401	94000163	S	428.88		8	2017
140000307	94000003	S	431.64		8	2017
150001714	529100	 	431.72		8	2017
150000502	94000013	S	432		8	2017
162000906	571132	 	432.68		8	2017
110880132	571140	 	432.75		8	2017
140000302	94000073	S	433.32		8	2017
162000909	94000163	S	435.6		8	2017
153000701	541160	 	439.23		8	2017
162000909	504110	 	441.96		8	2017
156000208	521120	 	443.13		8	2017
162000909	94000025	S	446.4		8	2017
166001202	94000003	S	446.76		8	2017
166001203	94000003	S	446.76		8	2017
161000902	94000163	S	447.48		8	2017
156000208	524150	 	447.56		8	2017
120000120	94000083	S	447.72		8	2017
161000215	94000083	S	449.52		8	2017
110000109	521110	 	450		8	2017
150000508	529120	 	450		8	2017
150001717	524150	 	450		8	2017
152000803	543110	 	450		8	2017
168001303	544112	 	450		8	2017
110000119	94000033	S	450.24		8	2017
150000508	504110	 	450.96		8	2017
141000402	545100	 	451.08		8	2017
190400412	509100	 	452.39		8	2017
150000504	571140	 	454.71		8	2017
161000902	571140	 	455.91		8	2017
151000603	527130	 	456.6		8	2017
133000203	94000103	S	457.92		8	2017
151000608	527130	 	460.08		8	2017
123000128	509100	 	461.06		8	2017
151000608	504110	 	461.4		8	2017
150000506	504110	 	462.96		8	2017
140000305	94000073	S	463.44		8	2017
166001205	94000063	S	465.72		8	2017
137000220	94000003	S	466.68		8	2017
161001003	94000065	S	467.52		8	2017
190400413	509100	 	469.39		8	2017
141000401	543180	 	469.9		8	2017
151000606	543190	 	469.9		8	2017
156000208	543180	 	469.9		8	2017
156001401	541160	 	469.9		8	2017
156001401	543120	 	469.9		8	2017
161001003	543180	 	469.9		8	2017
161001207	543160	 	469.9		8	2017
161001207	543170	 	469.9		8	2017
137000220	94000083	S	470.52		8	2017
140000309	94000063	S	471		8	2017
151000605	543170	 	471.47		8	2017
150001709	581111	S	472.06		8	2017
161000901	504110	 	476.64		8	2017
150001711	529100	 	476.74		8	2017
161001207	504110	 	477		8	2017
153000702	94000000	S	477.12		8	2017
103001501	94000073	S	477.24		8	2017
151000608	94000000	S	477.24		8	2017
151000604	545200	 	477.96		8	2017
153000703	541130	 	478.12		8	2017
150001713	581113	S	483.11		8	2017
166001202	571140	 	484.08		8	2017
166001203	571140	 	484.08		8	2017
168001302	94000073	S	486.48		8	2017
153000704	543170	 	486.68		8	2017
161000215	94000023	S	486.72		8	2017
140000306	94000073	S	489.96		8	2017
140000310	544112	 	490		8	2017
150001716	581113	S	490.37		8	2017
137001720	547400	 	492.57		8	2017
140000310	571132	 	493.03		8	2017
153000701	94000000	S	493.08		8	2017
140000301	571132	 	493.32		8	2017
140000302	571132	 	493.32		8	2017
140000303	571132	 	493.32		8	2017
140000304	571132	 	493.32		8	2017
140000305	571132	 	493.32		8	2017
140000306	571132	 	493.32		8	2017
140000307	571132	 	493.32		8	2017
140000308	571132	 	493.32		8	2017
140000309	571132	 	493.32		8	2017
163000904	94000073	S	496.68		8	2017
110000109	571100	 	497.01		8	2017
133000207	94000033	S	497.28		8	2017
156001307	504110	 	497.28		8	2017
161001003	94000163	S	499.92		8	2017
102000103	549110	 	500		8	2017
110000123	541160	 	500		8	2017
110000124	543120	 	500		8	2017
114000107	571132	 	500		8	2017
120000120	529100	 	500		8	2017
133000202	541160	 	500		8	2017
133000203	543150	 	500		8	2017
133000203	543171	 	500		8	2017
133000206	543160	 	500		8	2017
137000220	523000	 	500		8	2017
137000221	543170	 	500		8	2017
140000304	543165	 	500		8	2017
140000310	527130	 	500		8	2017
140000310	543160	 	500		8	2017
141000401	501900	 	500		8	2017
141200410	521110	 	500		8	2017
141500408	543110	 	500		8	2017
150000510	533990	 	500		8	2017
161000902	543151	 	500		8	2017
166001103	542900	 	500		8	2017
166001103	543170	 	500		8	2017
190001507	525100	 	500		8	2017
190400412	543151	 	500		8	2017
190600903	541130	 	500		8	2017
103001501	94000163	S	500.04		8	2017
153000703	94000143	S	500.04		8	2017
163000904	94000025	S	500.04		8	2017
168001303	94000025	S	500.04		8	2017
151000608	529100	 	502.92		8	2017
150000502	543120	 	504		8	2017
141000401	94000063	S	504.12		8	2017
113000114	541160	 	505		8	2017
141400407	544112	 	505		8	2017
151000606	542900	 	505		8	2017
150001717	581111	S	505.52		8	2017
162000909	94000013	S	507.6		8	2017
150001717	581114	S	510.1		8	2017
140000303	94000073	S	510.24		8	2017
140000306	528000	 	510.44		8	2017
140000302	509100	 	510.68		8	2017
152000803	94000025	S	513.24		8	2017
168001302	509100	 	514.44		8	2017
161000215	543180	 	516.89		8	2017
140000302	528000	 	517.72		8	2017
150000511	94000003	S	518.64		8	2017
104000105	94000065	S	519		8	2017
110660130	94000065	S	519		8	2017
125000108	94000065	S	519		8	2017
141700405	94000065	S	519		8	2017
190001507	94000065	S	519		8	2017
190600903	94000065	S	519		8	2017
121000121	543190	 	519.9		8	2017
140000309	94000000	S	521.88		8	2017
156000208	94000073	S	522.6		8	2017
156001307	94000025	S	523.44		8	2017
162000908	94000143	S	526.08		8	2017
166001205	514100	 	528.36		8	2017
140000305	509100	 	529.3		8	2017
161000901	94000163	S	529.32		8	2017
103001502	504110	 	530.76		8	2017
153000702	509100	 	532.92		8	2017
151000606	94000083	S	534.72		8	2017
162000906	94000073	S	536.88		8	2017
153000702	543150	 	537.17		8	2017
114000107	541130	 	539.12		8	2017
151000601	94000023	S	539.4		8	2017
140001703	581111	S	540.26		8	2017
150001709	581112	S	540.4		8	2017
168001301	543110	 	541.04		8	2017
162000906	94000003	S	541.68		8	2017
141200410	571132	 	542.56		8	2017
168001302	94000063	S	547.08		8	2017
153000701	509100	 	547.27		8	2017
141500408	509100	 	547.94		8	2017
166001205	504100	 	548.52		8	2017
102000103	94000013	S	549.96		8	2017
120000120	544112	 	550		8	2017
190400412	544112	 	550		8	2017
141001707	529100	 	550.33		8	2017
161000902	504110	 	551.88		8	2017
151000603	94000000	S	552.24		8	2017
130000512	94000173	S	553.2		8	2017
190000104	504110	 	555		8	2017
168001301	543120	 	555.04		8	2017
101000102	528000	 	555.5		8	2017
110000123	509100	 	555.55		8	2017
151000603	571140	 	556.82		8	2017
140000309	94000103	S	558.72		8	2017
141000401	543120	 	559.19		8	2017
121000122	571140	 	559.34		8	2017
140000305	528000	 	559.68		8	2017
150000504	504110	 	560.16		8	2017
190400412	94000033	S	563.16		8	2017
141000403	504100	 	563.28		8	2017
156000208	541160	 	563.88		8	2017
156001307	543160	 	563.88		8	2017
150000506	541130	 	564		8	2017
166001308	94000063	S	567.84		8	2017
130000127	94000073	S	568.08		8	2017
113000114	504110	 	568.2		8	2017
166001204	94000025	S	569.04		8	2017
150000506	94000003	S	572.52		8	2017
150000504	94000073	S	572.64		8	2017
111000115	94000000	S	579.6		8	2017
104000105	94000063	S	586.44		8	2017
153000701	529100	 	591.49		8	2017
141000401	543130	 	592.08		8	2017
166001205	527130	 	595.32		8	2017
110200126	543170	 	600		8	2017
110770131	542100	 	600		8	2017
110770131	542900	 	600		8	2017
133000202	542900	 	600		8	2017
133000203	94000143	S	600		8	2017
140000302	94000025	S	600		8	2017
140000307	541160	 	600		8	2017
153000701	502900	 	600		8	2017
163001001	542900	 	600		8	2017
168001303	525500	 	600		8	2017
190600903	543170	 	600		8	2017
153000704	543130	 	600.84		8	2017
166001202	94000033	S	602.76		8	2017
166001203	94000033	S	602.76		8	2017
166001204	94000033	S	602.88		8	2017
152000801	94000083	S	603.72		8	2017
125000108	504110	 	603.96		8	2017
111000115	94000083	S	605.04		8	2017
101000102	543160	 	606		8	2017
103001502	521110	 	606		8	2017
141800404	94000003	S	606.72		8	2017
161001207	94000163	S	607.92		8	2017
101000102	571140	 	608.31		8	2017
151000606	94000003	S	608.4		8	2017
141000402	94000033	S	610.92		8	2017
153000704	94000065	S	611.4		8	2017
123000128	94000073	S	612.36		8	2017
140000304	571100	 	613.42		8	2017
153000702	94000073	S	614.4		8	2017
190000414	94000033	S	614.76		8	2017
121000121	94000163	S	616.2		8	2017
123001718	559900	 	616.8		8	2017
166001205	506100	 	619.32		8	2017
110000123	94000002	S	620.04		8	2017
156001307	94000065	S	622.8		8	2017
156001402	94000065	S	622.8		8	2017
140000308	94000083	S	623.16		8	2017
161000901	571140	 	624.72		8	2017
133000204	571140	 	628.46		8	2017
120000120	509100	 	632.16		8	2017
150000507	94000003	S	634.56		8	2017
161000215	94000033	S	634.8		8	2017
113000114	544112	 	636.3		8	2017
166001202	543180	 	636.48		8	2017
166001203	543180	 	636.48		8	2017
150000507	94000063	S	642.84		8	2017
166001206	543180	 	643.32		8	2017
140000307	504110	 	643.56		8	2017
104000105	509100	 	645.47		8	2017
113000114	94000073	S	648.48		8	2017
114000107	94000073	S	648.72		8	2017
166001308	514100	 	649.35		8	2017
110000119	94000025	S	650.04		8	2017
111000115	543160	 	654.25		8	2017
110990133	545100	 	657.86		8	2017
137000219	545100	 	657.86		8	2017
161000901	545100	 	657.86		8	2017
110000123	571100	 	659.6		8	2017
162000908	94000063	S	661.92		8	2017
163001001	541160	 	662.56		8	2017
153000704	543120	 	664.43		8	2017
151000606	543130	 	664.44		8	2017
150000508	94000003	S	664.56		8	2017
150000503	525500	 	665.04		8	2017
150000507	525500	 	665.04		8	2017
150000508	525500	 	665.04		8	2017
161001003	509100	 	667.22		8	2017
156001402	509100	 	667.46		8	2017
153000702	504110	 	669.24		8	2017
140000309	502200	 	671.4		8	2017
151000606	504110	 	673.92		8	2017
152000802	543130	 	674.88		8	2017
110000123	94000011	S	677.52		8	2017
140000310	504110	 	682.8		8	2017
150000510	543180	 	684.08		8	2017
153000703	509100	 	685.26		8	2017
152000801	504110	 	686.16		8	2017
110000109	509100	 	687.09		8	2017
168001719	529100	 	687.4		8	2017
125000108	94000063	S	687.96		8	2017
153000701	504110	 	688.2		8	2017
140000308	94000033	S	692.76		8	2017
120000120	94000073	S	693.84		8	2017
101000102	94000065	S	696		8	2017
140000307	94000073	S	696.48		8	2017
152000801	509100	 	697.22		8	2017
162000906	504110	 	697.44		8	2017
161000902	94000065	S	698.28		8	2017
166001202	94000063	S	698.52		8	2017
166001203	94000063	S	698.52		8	2017
166001204	94000063	S	698.52		8	2017
166001206	94000063	S	698.52		8	2017
110990133	542900	 	700		8	2017
141500408	527130	 	700		8	2017
162000906	542900	 	700		8	2017
166001206	571132	 	700		8	2017
151000605	544112	 	701.28		8	2017
140000306	94000065	S	705		8	2017
163001001	571140	 	705.88		8	2017
101000102	544110	 	707		8	2017
104000105	543190	 	707		8	2017
150000510	571140	 	712.53		8	2017
133000206	94000065	S	714.48		8	2017
153000701	94000003	S	714.84		8	2017
150000503	94000065	S	715.56		8	2017
153000701	94000073	S	716.52		8	2017
103001501	504110	 	717.48		8	2017
162000906	94000000	S	718.56		8	2017
140000304	504110	 	718.92		8	2017
151000601	94000000	S	718.92		8	2017
141000402	571132	 	723.48		8	2017
156000208	94000025	S	723.48		8	2017
130000512	94000133	S	725.4		8	2017
163001001	94000133	S	725.4		8	2017
161001003	94000063	S	728.88		8	2017
141300409	504110	 	730.92		8	2017
166001308	94000003	S	732.72		8	2017
152000801	94000073	S	732.96		8	2017
156001401	571132	 	733.4		8	2017
151000605	94000013	S	734.76		8	2017
166001205	515100	 	736.44		8	2017
161000215	94000000	S	736.92		8	2017
153000704	541160	 	738.21		8	2017
150001717	581112	S	739.2		8	2017
137000219	509100	 	739.4		8	2017
152000802	541120	 	739.96		8	2017
150000501	94000003	S	740.16		8	2017
140000310	509100	 	747.34		8	2017
141000403	514100	 	748.2		8	2017
156000208	504110	 	748.92		8	2017
110000124	94000073	S	749.64		8	2017
110000123	544112	 	750		8	2017
140000304	509100	 	750.39		8	2017
120000120	543120	 	751.84		8	2017
161000901	543151	 	751.84		8	2017
161001003	541130	 	751.84		8	2017
162000906	94000163	S	752.52		8	2017
150000503	545200	 	755.04		8	2017
150000504	545200	 	755.04		8	2017
150000507	545200	 	755.04		8	2017
150000508	545200	 	755.04		8	2017
168001301	94000033	S	756.48		8	2017
150000503	94000063	S	757.56		8	2017
150000508	94000063	S	757.92		8	2017
110000119	94000003	S	759.96		8	2017
163001001	543180	 	761.23		8	2017
166001308	506100	 	761.4		8	2017
141300409	94000143	S	762.96		8	2017
150000507	504110	 	762.96		8	2017
190000113	509100	 	764.75		8	2017
133000206	94000073	S	767.64		8	2017
166001202	514100	 	769.44		8	2017
166001203	514100	 	769.44		8	2017
166001204	514100	 	769.44		8	2017
162000906	94000025	S	771.36		8	2017
166000112	545100	 	775.76		8	2017
166001308	504100	 	776.52		8	2017
190400413	94000033	S	779.28		8	2017
152000803	581114	S	782.16		8	2017
153000702	541130	 	785.04		8	2017
110200126	94000002	S	786.48		8	2017
156001402	571100	 	786.76		8	2017
110200126	94000073	S	787.8		8	2017
151000603	509100	 	789.12		8	2017
156001402	94000143	S	789.96		8	2017
150000502	543170	 	791.96		8	2017
150000502	544112	 	792		8	2017
190600903	543190	 	792.31		8	2017
133000201	509100	 	795.46		8	2017
156001401	94000073	S	796.2		8	2017
166001202	504100	 	797.28		8	2017
166001203	504100	 	797.28		8	2017
166001204	504100	 	797.28		8	2017
150000510	525500	 	798		8	2017
103001502	94000073	S	799.08		8	2017
110000123	543180	 	800		8	2017
141500408	543172	 	800		8	2017
150001716	524190	 	800		8	2017
153000701	503900	 	800		8	2017
168001303	581111	S	800		8	2017
110000109	94000073	S	801.48		8	2017
162000908	94000083	S	803.16		8	2017
156001402	94000013	S	803.28		8	2017
141300409	524120	 	805.61		8	2017
113000114	543190	 	808		8	2017
141300409	544112	 	808		8	2017
140001703	581112	S	809.2		8	2017
113000114	571140	 	809.83		8	2017
166000112	94000063	S	815.04		8	2017
140001703	524140	 	816		8	2017
140001703	581114	S	816.16		8	2017
153000703	543180	 	816.46		8	2017
150000504	509100	 	819.75		8	2017
140000308	543120	 	819.96		8	2017
140000309	543120	 	819.96		8	2017
140000310	543120	 	820.36		8	2017
153000704	504110	 	825.12		8	2017
161000901	94000065	S	825.48		8	2017
162000909	94000143	S	826.56		8	2017
133000203	94000033	S	832.56		8	2017
140000302	94000065	S	832.92		8	2017
151000601	504110	 	837.6		8	2017
166000112	94000013	S	840		8	2017
137000220	542900	 	842.04		8	2017
141000402	94000025	S	842.52		8	2017
151000606	94000073	S	845.64		8	2017
161000901	543170	 	845.82		8	2017
141001705	529100	 	851.95		8	2017
166001205	94000023	S	852.12		8	2017
156001307	509100	 	852.63		8	2017
190001507	509100	 	854.22		8	2017
137000220	94000073	S	856.56		8	2017
110200126	94000000	S	857.76		8	2017
168001303	543120	 	860		8	2017
140001703	524150	 	867		8	2017
137000219	528010	 	876.3		8	2017
104000105	94000033	S	876.6		8	2017
162000906	94000013	S	876.72		8	2017
141000403	506100	 	876.84		8	2017
110000119	94000002	S	878.45		8	2017
153000704	94000000	S	878.64		8	2017
101000102	509100	 	884.14		8	2017
153000704	94000143	S	884.28		8	2017
133000202	543160	 	885.62		8	2017
162000907	525500	 	886.27		8	2017
166001205	94000002	S	887.52		8	2017
153000704	571140	 	888.39		8	2017
110000109	527130	 	890		8	2017
130000127	543120	 	891		8	2017
166001202	527130	 	893.76		8	2017
166001203	527130	 	893.76		8	2017
166001204	527130	 	893.76		8	2017
141400407	94000073	S	894.12		8	2017
156000208	524140	 	895.13		8	2017
166001206	527130	 	895.44		8	2017
166001308	527130	 	895.56		8	2017
150000502	542100	 	900.12		8	2017
141700405	94000063	S	900.48		8	2017
166001202	506100	 	901.56		8	2017
166001203	506100	 	901.56		8	2017
166001204	506100	 	901.56		8	2017
103001501	94000003	S	903		8	2017
166001308	515100	 	904.92		8	2017
150000510	545200	 	906		8	2017
102000103	503900	 	909		8	2017
141001706	547400	 	912.75		8	2017
137000219	94000083	S	913.2		8	2017
151000602	94000163	S	916.8		8	2017
153000702	94000003	S	922.2		8	2017
133000202	504110	 	922.44		8	2017
166001308	509100	 	924.36		8	2017
140000301	571100	 	924.44		8	2017
166001206	514100	 	924.84		8	2017
110200126	571124	 	926.19		8	2017
152000803	94000083	S	929.04		8	2017
151000604	504110	 	929.16		8	2017
133000204	94000163	S	931.92		8	2017
133000205	94000163	S	932.04		8	2017
141400407	509100	 	934.18		8	2017
152000803	571100	 	935.46		8	2017
140000306	94000000	S	937.08		8	2017
110880132	94000023	S	937.92		8	2017
153000704	94000013	S	938.76		8	2017
141500408	543130	 	938.84		8	2017
120000120	541130	 	939.8		8	2017
121000122	541130	 	939.8		8	2017
141800404	543110	 	939.8		8	2017
141800404	543160	 	939.8		8	2017
156001307	541130	 	939.8		8	2017
156001401	543190	 	939.8		8	2017
161001207	543180	 	939.8		8	2017
162000907	543130	 	939.8		8	2017
150000503	541130	 	939.96		8	2017
150000507	541130	 	939.96		8	2017
150000508	541130	 	939.96		8	2017
166000112	94000143	S	939.96		8	2017
110000109	543170	 	940		8	2017
162000908	543180	 	943.04		8	2017
162000909	543180	 	944.96		8	2017
141600406	504110	 	945.6		8	2017
161001207	94000065	S	948.24		8	2017
151000601	543190	 	949.2		8	2017
110000109	504110	 	951.6		8	2017
156001402	94000033	S	955.8		8	2017
153000703	525500	 	958.76		8	2017
140000304	94000073	S	960.6		8	2017
141000401	94000000	S	962.4		8	2017
166001204	94000013	S	964.32		8	2017
166001202	94000013	S	964.44		8	2017
166001203	94000013	S	964.44		8	2017
150000506	94000033	S	966.84		8	2017
141400407	504110	 	968.52		8	2017
110000109	94000000	S	978.96		8	2017
166000112	94000033	S	979.68		8	2017
153000704	94000073	S	985.56		8	2017
150000511	504110	 	986.88		8	2017
150000503	504110	 	994.68		8	2017
190000104	509100	 	995.88		8	2017
141300409	94000073	S	997.8		8	2017
140000308	94000063	S	998.76		8	2017
110660130	94000163	S	999.96		8	2017
110770131	94000163	S	999.96		8	2017
110880132	94000163	S	999.96		8	2017
110990133	94000163	S	999.96		8	2017
140000309	94000025	S	999.96		8	2017
110200126	543120	 	1000		8	2017
123000128	544120	 	1000		8	2017
133000201	543170	 	1000		8	2017
133000203	541160	 	1000		8	2017
133000203	543170	 	1000		8	2017
133000203	543190	 	1000		8	2017
133000204	543190	 	1000		8	2017
133000206	544112	 	1000		8	2017
133000207	543110	 	1000		8	2017
140000305	543130	 	1000		8	2017
140000310	543130	 	1000		8	2017
141500408	543170	 	1000		8	2017
150001005	543165	 	1000		8	2017
150001708	531200	 	1000		8	2017
150001717	524120	 	1000		8	2017
153000704	503900	 	1000		8	2017
153000704	542900	 	1000		8	2017
166001103	543151	 	1000		8	2017
166001103	543190	 	1000		8	2017
166001308	525120	 	1000		8	2017
168001301	543190	 	1000		8	2017
168001302	525120	 	1000		8	2017
190400413	531800	 	1000		8	2017
190600903	544112	 	1000		8	2017
152000802	543170	 	1000.04		8	2017
152000801	94000055	S	1000.08		8	2017
153000702	543180	 	1001.14		8	2017
110000109	94000103	S	1002.48		8	2017
140000310	94000003	S	1003.92		8	2017
133000202	94000033	S	1005		8	2017
103001502	543130	 	1010		8	2017
103001502	543151	 	1010		8	2017
103001502	545200	 	1010		8	2017
125000108	94000003	S	1010.04		8	2017
103001502	509100	 	1016.31		8	2017
114000107	509100	 	1016.89		8	2017
153000701	543180	 	1019.02		8	2017
166001205	543160	 	1020.64		8	2017
151000605	94000065	S	1021.8		8	2017
121000121	509100	 	1023.2		8	2017
121000122	94000073	S	1025.88		8	2017
151000608	94000033	S	1027.68		8	2017
123000128	94000025	S	1028.04		8	2017
141700405	543120	 	1028.2		8	2017
166001205	94000173	S	1032.84		8	2017
153000703	94000025	S	1035		8	2017
130000512	511100	 	1036.92		8	2017
166001206	504100	 	1037.88		8	2017
113000114	94000065	S	1038		8	2017
120000120	94000065	S	1038		8	2017
141400407	94000065	S	1038		8	2017
141500408	94000065	S	1038		8	2017
141200410	541160	 	1038.12		8	2017
150000502	571140	 	1039.56		8	2017
168001303	571123	 	1041.67		8	2017
141000403	515100	 	1043.04		8	2017
140000303	528000	 	1045		8	2017
151000605	94000143	S	1045.56		8	2017
150001716	544115	 	1050		8	2017
166001204	571140	 	1051.36		8	2017
111000115	94000002	S	1054.68		8	2017
162000909	509100	 	1063.62		8	2017
110660130	94000033	S	1065.24		8	2017
110990133	94000033	S	1065.24		8	2017
140000302	94000103	S	1068.48		8	2017
133000203	94000023	S	1071.6		8	2017
150000503	94000003	S	1071.6		8	2017
121000122	543170	 	1072.16		8	2017
166001202	515100	 	1072.68		8	2017
166001203	515100	 	1072.68		8	2017
166001204	515100	 	1072.68		8	2017
153000703	94000003	S	1073.88		8	2017
140000307	509100	 	1074.35		8	2017
152000802	541130	 	1074.84		8	2017
168001302	544112	 	1075		8	2017
153000704	94000025	S	1080.72		8	2017
162000908	94000023	S	1084.2		8	2017
166001206	506100	 	1084.56		8	2017
152000802	94000003	S	1087.32		8	2017
140000307	94000065	S	1088.76		8	2017
190600903	529100	 	1089.4		8	2017
166001308	94000173	S	1091.52		8	2017
111000115	94000011	S	1097.76		8	2017
150001716	529100	 	1098.49		8	2017
133000203	94000003	S	1099.92		8	2017
150000502	543190	 	1099.96		8	2017
168001303	541130	 	1099.96		8	2017
110000109	531800	 	1100		8	2017
110880132	524120	 	1100		8	2017
133000201	541130	 	1100		8	2017
141800404	581100	S	1100		8	2017
166001204	581115	S	1100		8	2017
166001308	571132	 	1100		8	2017
133000203	94000025	S	1100.04		8	2017
141400407	94000003	S	1103.4		8	2017
141500408	94000103	S	1103.88		8	2017
152000802	94000033	S	1104.12		8	2017
152000803	544112	 	1106.04		8	2017
153000703	527130	 	1106.28		8	2017
166001204	543180	 	1106.38		8	2017
153000702	571140	 	1107.17		8	2017
140000302	94000000	S	1107.36		8	2017
140000304	528000	 	1108.6		8	2017
104000105	543151	 	1112.35		8	2017
156001401	504110	 	1112.76		8	2017
151000606	541130	 	1115.88		8	2017
162000908	94000103	S	1119.12		8	2017
190400412	511100	 	1119.6		8	2017
140000308	94000103	S	1120.2		8	2017
141200410	509100	 	1120.95		8	2017
151000603	94000013	S	1122.12		8	2017
141000402	94000000	S	1124.52		8	2017
161001003	94000023	S	1125.12		8	2017
140000307	528000	 	1127.52		8	2017
161000901	543160	 	1127.75		8	2017
161000901	543180	 	1127.75		8	2017
166001201	94000025	S	1128		8	2017
102000103	94000143	S	1130.04		8	2017
156001402	94000063	S	1131		8	2017
141700405	529100	 	1135.12		8	2017
141300409	94000013	S	1143		8	2017
150001712	559900	 	1143.6		8	2017
110200126	94000103	S	1153.8		8	2017
140000309	94000003	S	1155.6		8	2017
110880132	94000033	S	1160.52		8	2017
162000908	509100	 	1165.4		8	2017
161001003	94000083	S	1165.8		8	2017
150000510	94000003	S	1168.92		8	2017
133000202	94000063	S	1173.12		8	2017
140000308	94000000	S	1173.24		8	2017
123000128	571130	 	1174.72		8	2017
151000601	545200	 	1182.12		8	2017
125000108	94000033	S	1186.32		8	2017
168001303	504110	 	1187.52		8	2017
130000127	541130	 	1188		8	2017
166001206	509100	 	1198.61		8	2017
141800404	94000073	S	1199.4		8	2017
111000115	509100	 	1199.47		8	2017
110660130	94000000	S	1199.88		8	2017
133000206	501900	 	1200		8	2017
150001716	524140	 	1200		8	2017
166001103	581113	S	1200		8	2017
168001302	527130	 	1200		8	2017
168001303	581114	S	1200		8	2017
156001402	94000083	S	1202.04		8	2017
156001307	571110	 	1202.87		8	2017
110770131	94000063	S	1204.92		8	2017
150000508	509100	 	1207.64		8	2017
114000107	94000003	S	1209.96		8	2017
141000401	94000033	S	1210.8		8	2017
103001502	541130	 	1212		8	2017
103001502	543190	 	1212		8	2017
150000510	543120	 	1212.08		8	2017
140000305	94000065	S	1213.56		8	2017
141200410	94000000	S	1218.84		8	2017
103001501	543120	 	1219		8	2017
150000504	94000063	S	1219.44		8	2017
152000802	94000065	S	1224.12		8	2017
133000205	571140	 	1225.08		8	2017
141700405	545100	 	1225.6		8	2017
162000909	94000063	S	1227		8	2017
110770131	94000033	S	1229.76		8	2017
168001301	544112	 	1230		8	2017
151000601	94000063	S	1231.44		8	2017
110000123	571140	 	1237.17		8	2017
130000127	94000003	S	1237.8		8	2017
141500408	94000000	S	1242.84		8	2017
153000704	541130	 	1245.84		8	2017
166001205	94000005	S	1254.84		8	2017
168001303	524130	 	1263.08		8	2017
163000904	94000063	S	1271.28		8	2017
166000112	94000083	S	1279.44		8	2017
166001202	94000143	S	1279.8		8	2017
166001203	94000143	S	1279.8		8	2017
140000306	94000003	S	1280.16		8	2017
168001301	571100	 	1282.07		8	2017
130000512	94000103	S	1282.92		8	2017
123000128	94000063	S	1284.12		8	2017
133000203	581115	S	1286.6		8	2017
162000909	94000083	S	1287.24		8	2017
141000401	94000013	S	1289.52		8	2017
166001206	515100	 	1289.88		8	2017
133000203	94000063	S	1292.16		8	2017
163001001	94000073	S	1293.36		8	2017
102000118	509100	 	1295.19		8	2017
151000608	94000025	S	1297.68		8	2017
190000113	94000033	S	1298.88		8	2017
151000603	94000143	S	1299.36		8	2017
111000116	544119	 	1300		8	2017
133000204	523500	 	1300		8	2017
140001702	531800	 	1300		8	2017
168001301	525500	 	1300.04		8	2017
151000608	94000103	S	1307.64		8	2017
150000510	94000073	S	1312.8		8	2017
140000309	94000173	S	1313.64		8	2017
156001401	543160	 	1315.71		8	2017
166001206	94000023	S	1317.72		8	2017
150000507	94000033	S	1322.28		8	2017
153000701	543150	 	1327.13		8	2017
166001308	526100	 	1329.4		8	2017
161001003	94000033	S	1329.72		8	2017
140000302	94000003	S	1330.08		8	2017
130000512	505100	 	1330.85		8	2017
110200126	94000025	S	1340.64		8	2017
151000604	94000073	S	1343.4		8	2017
141600406	94000003	S	1346.76		8	2017
151000601	94000025	S	1346.76		8	2017
156000208	94000003	S	1349.52		8	2017
110990133	94000000	S	1350		8	2017
141000401	542900	 	1350		8	2017
140000303	94000065	S	1352.16		8	2017
140000307	94000103	S	1356.6		8	2017
166001205	571132	 	1360.44		8	2017
152000803	504110	 	1364.4		8	2017
101000102	94000000	S	1370.04		8	2017
166001308	94000023	S	1376.64		8	2017
121000122	94000163	S	1383.72		8	2017
166001204	94000143	S	1389.84		8	2017
151000603	94000023	S	1390.8		8	2017
130000127	504110	 	1391.76		8	2017
153000704	543180	 	1392.47		8	2017
137000220	94000025	S	1396.68		8	2017
150000503	94000033	S	1397.04		8	2017
110660130	94000025	S	1399.92		8	2017
110880132	541130	 	1400		8	2017
133000201	544112	 	1400		8	2017
141800404	503900	 	1400		8	2017
190001507	541130	 	1400		8	2017
102000103	94000073	S	1400.88		8	2017
111000115	543120	 	1401.96		8	2017
152000802	94000063	S	1402.44		8	2017
190000113	94000063	S	1405.68		8	2017
151000604	94000003	S	1408.92		8	2017
156000208	543160	 	1409.69		8	2017
156001307	543180	 	1409.69		8	2017
161001207	541130	 	1409.69		8	2017
125000108	541130	 	1409.7		8	2017
110200126	94000143	S	1410		8	2017
141200410	94000003	S	1410.12		8	2017
151000604	94000083	S	1412.16		8	2017
156000208	571140	 	1413.72		8	2017
101000102	545100	 	1414		8	2017
103001502	524190	 	1414		8	2017
141000402	94000083	S	1416.6		8	2017
110990133	94000063	S	1420.08		8	2017
153000702	94000025	S	1425.36		8	2017
162000907	94000065	S	1427.64		8	2017
162000906	94000143	S	1427.88		8	2017
166001201	504110	 	1429.56		8	2017
150000502	94000065	S	1431.24		8	2017
156001402	94000000	S	1435.92		8	2017
190400412	505100	 	1437.36		8	2017
153000701	541130	 	1438.14		8	2017
141800404	504110	 	1446.84		8	2017
140000307	94000000	S	1447.44		8	2017
150001714	531800	 	1450		8	2017
111000115	94000023	S	1456.2		8	2017
162000907	504110	 	1463.52		8	2017
111000115	94000003	S	1463.76		8	2017
152000801	94000063	S	1469.52		8	2017
137000219	541170	 	1469.9		8	2017
141500408	94000033	S	1470.96		8	2017
133000206	94000003	S	1472.76		8	2017
141500408	94000003	S	1473.36		8	2017
151000606	527130	 	1474.92		8	2017
152000803	94000013	S	1480.08		8	2017
140000305	94000003	S	1481.64		8	2017
166001206	94000033	S	1485.96		8	2017
150001717	559900	 	1486.2		8	2017
153000702	543160	 	1487.4		8	2017
153000704	543190	 	1493.36		8	2017
104000105	94000025	S	1500		8	2017
110880132	94000025	S	1500		8	2017
120101603	551500	 	1500		8	2017
121000121	559900	 	1500		8	2017
133000201	543130	 	1500		8	2017
133000203	545200	 	1500		8	2017
133000204	543180	 	1500		8	2017
133000206	543180	 	1500		8	2017
137000219	543110	 	1500		8	2017
140000302	527130	 	1500		8	2017
140000303	527130	 	1500		8	2017
140000303	543165	 	1500		8	2017
141500408	525500	 	1500		8	2017
141600406	544112	 	1500		8	2017
150000502	543180	 	1500		8	2017
150000507	529100	 	1500		8	2017
150001713	544115	 	1500		8	2017
150001716	524150	 	1500		8	2017
152000801	524140	 	1500		8	2017
168001301	581114	S	1500		8	2017
190000104	94000000	S	1500		8	2017
140000305	94000103	S	1503.24		8	2017
150000510	541130	 	1504.08		8	2017
166001201	543130	 	1507		8	2017
103001502	94000003	S	1511.16		8	2017
156000208	523200	 	1515		8	2017
133000205	509100	 	1528.08		8	2017
141400407	94000083	S	1530.96		8	2017
137000219	94000003	S	1533.36		8	2017
166000112	514100	 	1534.56		8	2017
152000802	94000023	S	1535.04		8	2017
110660130	543165	 	1540		8	2017
141200410	543120	 	1542.24		8	2017
110200126	509100	 	1542.67		8	2017
110770131	94000103	S	1545.6		8	2017
141400407	541130	 	1547.04		8	2017
150000504	94000003	S	1556.52		8	2017
151000606	94000000	S	1556.76		8	2017
141200410	94000065	S	1557		8	2017
190000104	94000065	S	1557		8	2017
151000605	571132	 	1558.62		8	2017
163000904	504110	 	1559.52		8	2017
103001502	543180	 	1565.5		8	2017
110000109	94000025	S	1566.6		8	2017
161000901	94000063	S	1566.72		8	2017
153000703	94000083	S	1570.8		8	2017
151000603	94000033	S	1571.16		8	2017
156001401	94000143	S	1580.04		8	2017
150000502	509100	 	1584.68		8	2017
156000208	509100	 	1594.43		8	2017
156001402	94000023	S	1595.16		8	2017
168001302	94000025	S	1599.96		8	2017
110000109	524190	 	1600		8	2017
110660130	545100	 	1600		8	2017
153000702	502900	 	1600		8	2017
156001401	94000013	S	1606.68		8	2017
140000305	94000000	S	1612.68		8	2017
162000908	94000033	S	1617.12		8	2017
152000802	543180	 	1617.4		8	2017
166001205	94000065	S	1624.92		8	2017
110880132	542900	 	1630		8	2017
141700405	504110	 	1631.4		8	2017
152000802	94000103	S	1632.6		8	2017
166001201	571131	 	1635.1		8	2017
110000124	94000023	S	1635.6		8	2017
140000303	94000003	S	1636.08		8	2017
110000124	94000025	S	1645.32		8	2017
121000121	94000073	S	1646.52		8	2017
153000702	525500	 	1646.89		8	2017
141500408	541130	 	1647.04		8	2017
140000303	94000103	S	1666.32		8	2017
141600406	94000073	S	1666.44		8	2017
110200126	504110	 	1679.64		8	2017
161000902	94000023	S	1680		8	2017
102000103	509100	 	1681.69		8	2017
110770131	94000023	S	1682.04		8	2017
123000128	504110	 	1683.48		8	2017
110000124	504110	 	1689.48		8	2017
150000504	541130	 	1692		8	2017
151000601	94000033	S	1695.6		8	2017
153000702	527130	 	1695.72		8	2017
150001713	581111	S	1698.83		8	2017
141500408	521120	 	1700		8	2017
168001301	94000025	S	1700.04		8	2017
141500408	571140	 	1700.95		8	2017
162000909	94000023	S	1703.4		8	2017
141200410	504110	 	1704.6		8	2017
110000124	94000003	S	1706.88		8	2017
166001205	502200	 	1707.56		8	2017
150001005	94000013	S	1712.04		8	2017
104000105	514100	 	1712.62		8	2017
133000206	94000163	S	1714.44		8	2017
101000102	543180	 	1717		8	2017
113000114	543170	 	1717		8	2017
152000801	541120	 	1719.96		8	2017
110770131	94000065	S	1734		8	2017
111000116	94000065	S	1734		8	2017
141800404	94000065	S	1734		8	2017
161000902	94000083	S	1740.6		8	2017
168001303	543130	 	1742.32		8	2017
161001207	94000063	S	1749		8	2017
114000107	504110	 	1750.2		8	2017
153000701	527130	 	1752.72		8	2017
140000309	503200	 	1755.36		8	2017
156001307	94000033	S	1755.84		8	2017
141000401	94000143	S	1759.44		8	2017
156001307	94000063	S	1761.12		8	2017
156001402	94000003	S	1763.04		8	2017
103001502	543170	 	1767.5		8	2017
121000122	522100	 	1772.53		8	2017
104000105	94000103	S	1774.56		8	2017
141300409	571100	 	1780.33		8	2017
140000310	94000083	S	1786.68		8	2017
166001206	94000003	S	1789.68		8	2017
151000603	521120	 	1790.26		8	2017
156001307	521120	 	1790.26		8	2017
166000112	504100	 	1791		8	2017
190000113	94000103	S	1793.88		8	2017
150001716	581111	S	1796.09		8	2017
140000303	94000000	S	1797.24		8	2017
166000112	506100	 	1798.2		8	2017
153000704	94000003	S	1799.04		8	2017
120000120	543180	 	1800		8	2017
137000219	541120	 	1800		8	2017
156001307	544112	 	1800		8	2017
168001302	531700	 	1800		8	2017
190400412	543170	 	1800		8	2017
150001005	509100	 	1804.05		8	2017
162000907	94000073	S	1808.4		8	2017
150000506	94000083	S	1815.36		8	2017
168001303	94000073	S	1816.44		8	2017
140000306	94000063	S	1818.12		8	2017
151000606	94000063	S	1818.6		8	2017
120000120	504110	 	1820.28		8	2017
151000604	94000063	S	1825.8		8	2017
141500408	94000063	S	1836.72		8	2017
137000221	94000073	S	1840.92		8	2017
110990133	571132	 	1842.59		8	2017
150000511	94000033	S	1846.2		8	2017
150000503	529100	 	1850.04		8	2017
153000704	571132	 	1851.56		8	2017
133000201	94000073	S	1855.32		8	2017
150001717	571110	 	1861.63		8	2017
137000219	94000025	S	1863.36		8	2017
111000115	541140	 	1869.27		8	2017
130000512	94000002	S	1874.04		8	2017
161000901	541130	 	1879.6		8	2017
166001308	94000005	S	1882.14		8	2017
166001202	94000005	S	1882.2		8	2017
166001203	94000005	S	1882.2		8	2017
166001204	94000005	S	1882.2		8	2017
166001206	94000005	S	1882.2		8	2017
150001713	581115	S	1887.2		8	2017
162000906	543180	 	1888.47		8	2017
166001308	543160	 	1894.86		8	2017
103001501	94000023	S	1898.04		8	2017
156001402	571140	 	1899.9		8	2017
101000102	503900	 	1900		8	2017
190000113	541130	 	1900		8	2017
156001402	504100	 	1900.08		8	2017
151000602	94000013	S	1900.68		8	2017
141600406	541130	 	1903.11		8	2017
150001005	94000143	S	1904.04		8	2017
110000124	509100	 	1904.16		8	2017
141600406	543190	 	1907.79		8	2017
141300409	541160	 	1917.23		8	2017
141001707	547400	 	1917.28		8	2017
133000207	502200	 	1919.74		8	2017
101000102	94000033	S	1939.92		8	2017
161000901	94000003	S	1942.2		8	2017
133000203	571131	 	1948.01		8	2017
110770131	94000013	S	1950		8	2017
190000414	94000173	S	1952.4		8	2017
141700405	94000000	S	1952.76		8	2017
151000602	543170	 	1955.04		8	2017
150000508	94000023	S	1955.4		8	2017
166000112	94000003	S	1963.2		8	2017
153000704	509100	 	1963.24		8	2017
140000304	94000003	S	1972.56		8	2017
162000909	94000103	S	1974.84		8	2017
190000104	543190	 	1975.82		8	2017
150000507	94000023	S	1977.48		8	2017
150000504	94000013	S	1978.08		8	2017
140000306	94000103	S	1985.4		8	2017
161000901	94000023	S	1986.84		8	2017
166001202	94000023	S	1991.76		8	2017
140000306	94000083	S	1993.2		8	2017
163000904	94000033	S	1996.92		8	2017
111000116	526100	 	2000		8	2017
133000206	542900	 	2000		8	2017
140000304	543140	 	2000		8	2017
141200410	543110	 	2000		8	2017
141500408	528000	 	2000		8	2017
141500408	543151	 	2000		8	2017
150000502	523200	 	2000		8	2017
150001005	523800	 	2000		8	2017
152000803	542900	 	2000		8	2017
152000803	543190	 	2000		8	2017
153000702	503900	 	2000		8	2017
156001401	544119	 	2000		8	2017
162000908	542100	 	2000		8	2017
166001103	543110	 	2000		8	2017
168001301	525110	 	2000		8	2017
123000128	94000163	S	2000.04		8	2017
133000207	94000163	S	2000.04		8	2017
140000310	94000025	S	2000.04		8	2017
156001307	94000035	S	2000.04		8	2017
163000904	94000163	S	2000.04		8	2017
163001001	94000025	S	2000.04		8	2017
150000510	543160	 	2004.12		8	2017
151000604	541130	 	2004.48		8	2017
104000105	506100	 	2006.18		8	2017
161001207	509100	 	2006.54		8	2017
150000506	94000023	S	2015.4		8	2017
153000703	94000023	S	2018.16		8	2017
133000206	504110	 	2019.84		8	2017
141600406	501900	 	2020		8	2017
151000605	501900	 	2020		8	2017
110000124	94000002	S	2023.74		8	2017
110000123	94000033	S	2028.48		8	2017
120000120	94000063	S	2029.2		8	2017
150001709	571110	 	2040.63		8	2017
166001203	94000023	S	2041.8		8	2017
140000307	543190	 	2050		8	2017
141400407	543160	 	2050		8	2017
151000606	94000023	S	2050.2		8	2017
166001205	94000103	S	2050.92		8	2017
150000504	543160	 	2055.56		8	2017
161000901	94000083	S	2058.24		8	2017
140000301	504110	 	2059.8		8	2017
141800404	509100	 	2061.58		8	2017
150000501	541130	 	2067.84		8	2017
141000401	94000083	S	2072.64		8	2017
168001302	541130	 	2075		8	2017
110880132	94000065	S	2076		8	2017
153000703	543190	 	2087.55		8	2017
163001001	504110	 	2090.76		8	2017
140000308	94000065	S	2097.72		8	2017
111000116	543120	 	2100		8	2017
133000201	543160	 	2100		8	2017
141300409	571131	 	2122.55		8	2017
166000112	571132	 	2125.68		8	2017
150001005	94000073	S	2132.76		8	2017
156001401	94000083	S	2136.96		8	2017
166000112	515100	 	2139		8	2017
153000701	525500	 	2139.47		8	2017
161000901	509100	 	2139.6		8	2017
103001501	509100	 	2142.43		8	2017
150000510	509100	 	2145.1		8	2017
141300409	527130	 	2148.31		8	2017
163001001	541130	 	2149.62		8	2017
152000803	541130	 	2150.08		8	2017
140000309	94000023	S	2150.64		8	2017
140000302	94000063	S	2152.92		8	2017
166001204	525500	 	2158.41		8	2017
150000504	543180	 	2165		8	2017
190600903	94000063	S	2165.28		8	2017
125000108	94000133	S	2176.32		8	2017
133000207	94000133	S	2176.32		8	2017
162000908	94000133	S	2176.32		8	2017
190400413	94000133	S	2176.32		8	2017
190600903	94000133	S	2176.32		8	2017
156000208	94000065	S	2179.8		8	2017
162000906	94000083	S	2186.04		8	2017
151000603	514100	 	2192.88		8	2017
168001302	94000065	S	2196.36		8	2017
137000221	541130	 	2200		8	2017
150001713	524190	 	2200		8	2017
166000112	581115	S	2200		8	2017
166001201	581115	S	2200		8	2017
168001301	581112	S	2200		8	2017
140000304	94000065	S	2201.28		8	2017
190000104	94000083	S	2219.64		8	2017
150000511	94000023	S	2233.44		8	2017
161000902	509100	 	2235.1		8	2017
110000124	94000011	S	2238.95		8	2017
156001307	94000003	S	2239.32		8	2017
141600406	94000065	S	2253		8	2017
150001005	545200	 	2265		8	2017
166001205	94000000	S	2265.84		8	2017
190000104	94000063	S	2268.6		8	2017
163000904	94000083	S	2270.64		8	2017
113000114	509100	 	2271.13		8	2017
161000902	94000033	S	2272.2		8	2017
150001005	94000065	S	2272.32		8	2017
152000803	94000073	S	2273.16		8	2017
103001501	571140	 	2279.62		8	2017
161001207	94000023	S	2281.8		8	2017
110200126	94000011	S	2282.88		8	2017
166001202	571120	 	2292.03		8	2017
150001709	524120	 	2300		8	2017
156000208	94000063	S	2304.24		8	2017
161000902	94000063	S	2309.52		8	2017
153000704	543150	 	2311.86		8	2017
113000114	545100	 	2323		8	2017
110880132	94000063	S	2333.28		8	2017
190000104	541120	 	2336.59		8	2017
133000202	502200	 	2337.72		8	2017
161000215	94000103	S	2339.64		8	2017
151000606	509100	 	2340.27		8	2017
141800404	543170	 	2349.49		8	2017
156001401	543130	 	2349.49		8	2017
133000203	571132	 	2355.01		8	2017
153000701	94000025	S	2359.08		8	2017
190000104	545100	 	2359.96		8	2017
156001402	514100	 	2361.36		8	2017
161001207	94000083	S	2364.36		8	2017
110000119	502200	 	2370.9		8	2017
110000109	94000063	S	2371.2		8	2017
130000512	94000011	S	2371.92		8	2017
151000604	543130	 	2372.98		8	2017
163000904	94000023	S	2377.2		8	2017
133000206	94000025	S	2382.48		8	2017
104000105	515100	 	2388.01		8	2017
166001205	511100	 	2390.4		8	2017
161000215	527130	 	2392.92		8	2017
162000909	94000033	S	2400.36		8	2017
153000702	94000083	S	2402.52		8	2017
162000906	94000063	S	2406.48		8	2017
110880132	571132	 	2407.91		8	2017
102000118	94000000	S	2409.6		8	2017
110000109	94000011	S	2415.6		8	2017
133000203	94000083	S	2418.24		8	2017
141300409	509100	 	2424.51		8	2017
166001202	94000065	S	2437.44		8	2017
166001203	94000065	S	2437.44		8	2017
166001204	94000065	S	2437.44		8	2017
166001206	94000065	S	2437.44		8	2017
133000201	94000065	S	2442.48		8	2017
110770131	543180	 	2443.47		8	2017
150000502	94000073	S	2454		8	2017
166001103	94000083	S	2463.48		8	2017
162000906	509100	 	2465.5		8	2017
101000102	523500	 	2474		8	2017
140000307	94000063	S	2474.88		8	2017
153000701	94000083	S	2476.56		8	2017
110000109	94000002	S	2491.32		8	2017
150000504	94000005	S	2492.28		8	2017
190400413	94000103	S	2493		8	2017
137000221	94000003	S	2499.84		8	2017
130000127	94000163	S	2499.96		8	2017
103001502	502900	 	2500		8	2017
110000123	541130	 	2500		8	2017
137000219	571110	 	2500		8	2017
137000220	541170	 	2500		8	2017
140000302	528010	 	2500		8	2017
140000303	528010	 	2500		8	2017
141800404	525500	 	2500		8	2017
150001708	543151	 	2500		8	2017
161001207	544112	 	2500		8	2017
190001507	543140	 	2500		8	2017
151000605	545200	 	2508.24		8	2017
137000220	94000063	S	2515.92		8	2017
156001401	94000063	S	2517.24		8	2017
150000510	94000023	S	2522.28		8	2017
150000504	543190	 	2524.96		8	2017
102000103	545100	 	2525		8	2017
113000114	543160	 	2525		8	2017
113000114	543180	 	2525		8	2017
137000220	504110	 	2529.72		8	2017
140000310	94000065	S	2530.92		8	2017
162000907	94000163	S	2534.64		8	2017
141600406	543170	 	2537.45		8	2017
161000902	94000003	S	2539.32		8	2017
166001201	94000073	S	2542.32		8	2017
141000403	94000002	S	2542.44		8	2017
141700405	541130	 	2547.04		8	2017
151000606	571140	 	2550.69		8	2017
102000103	571140	 	2552.28		8	2017
150000510	504110	 	2553.84		8	2017
111000115	94000063	S	2555.64		8	2017
150000510	94000063	S	2556.72		8	2017
156000208	94000143	S	2559.96		8	2017
156001401	509100	 	2563.58		8	2017
140000305	94000063	S	2564.04		8	2017
151000603	506100	 	2569.8		8	2017
110770131	524140	 	2570.17		8	2017
161000215	529100	 	2570.17		8	2017
156001307	94000000	S	2580.6		8	2017
140000308	94000173	S	2581.2		8	2017
102000103	94000065	S	2595		8	2017
110000124	94000065	S	2595		8	2017
110990133	94000065	S	2595		8	2017
166001103	504110	 	2595.36		8	2017
133000206	94000063	S	2595.48		8	2017
168001301	504110	 	2596.44		8	2017
162000907	94000025	S	2598.12		8	2017
140000305	543190	 	2600		8	2017
110770131	541130	 	2603.23		8	2017
141400407	94000025	S	2603.4		8	2017
141500408	514100	 	2612.76		8	2017
151000604	94000025	S	2627.4		8	2017
152000801	94000025	S	2628.6		8	2017
137000220	524140	 	2628.9		8	2017
140000301	528000	 	2631.04		8	2017
137000219	543190	 	2633.99		8	2017
150000502	94000003	S	2634.36		8	2017
151000604	527130	 	2642.64		8	2017
140000304	94000103	S	2643.6		8	2017
140000310	94000033	S	2651.16		8	2017
141000403	94000011	S	2651.64		8	2017
151000603	504100	 	2654.88		8	2017
162000909	529100	 	2658.8		8	2017
110660130	94000083	S	2660.04		8	2017
156000208	94000013	S	2660.04		8	2017
151000606	529100	 	2682.15		8	2017
151000603	529120	 	2685.38		8	2017
130000127	94000063	S	2699.04		8	2017
101000102	94000003	S	2700		8	2017
111000115	531800	 	2700		8	2017
152000803	94000065	S	2707.2		8	2017
162000907	94000000	S	2720.64		8	2017
110660130	94000063	S	2728.44		8	2017
190000104	529100	 	2728.5		8	2017
153000704	525500	 	2729.77		8	2017
150000508	94000033	S	2729.88		8	2017
150001716	581112	S	2730		8	2017
141500408	543160	 	2740		8	2017
141800404	94000023	S	2748.24		8	2017
110000123	94000063	S	2748.96		8	2017
110660130	543172	 	2750		8	2017
123000128	541130	 	2750		8	2017
156000208	94000083	S	2773.2		8	2017
141200410	94000063	S	2776.92		8	2017
166001205	94000011	S	2791.08		8	2017
166001308	543180	 	2795.01		8	2017
140000307	94000025	S	2799.96		8	2017
166001204	94000055	S	2799.96		8	2017
133000203	524120	 	2800		8	2017
190001507	541120	 	2800		8	2017
152000801	525120	 	2800.04		8	2017
111000115	545100	 	2803.91		8	2017
161001003	94000025	S	2804.88		8	2017
140000310	94000063	S	2806.08		8	2017
140000301	509100	 	2810.45		8	2017
190400412	541130	 	2818		8	2017
150000507	94000083	S	2818.08		8	2017
156000208	541130	 	2819.39		8	2017
156001402	543180	 	2819.39		8	2017
162000907	94000003	S	2824.68		8	2017
140000301	94000003	S	2828.04		8	2017
141000402	94000003	S	2834.04		8	2017
151000606	543165	 	2847.58		8	2017
141700405	528000	 	2850		8	2017
133000204	509100	 	2850.9		8	2017
156001307	94000083	S	2852.4		8	2017
161001207	94000003	S	2865.48		8	2017
103001501	94000000	S	2877.6		8	2017
166001103	94000025	S	2885.04		8	2017
168001301	94000083	S	2889.72		8	2017
152000802	543190	 	2890		8	2017
152000803	94000063	S	2892.96		8	2017
110880132	545100	 	2900		8	2017
150001711	531800	 	2900		8	2017
156001401	544112	 	2900		8	2017
133000202	94000133	S	2901.84		8	2017
151000608	94000133	S	2901.84		8	2017
161000215	94000133	S	2901.84		8	2017
161000902	94000000	S	2903.28		8	2017
150000504	571132	 	2906.5		8	2017
151000602	544112	 	2912.4		8	2017
140000304	94000000	S	2925.96		8	2017
150000501	94000000	S	2928		8	2017
150000504	94000000	S	2928		8	2017
150000506	94000000	S	2928		8	2017
150000507	94000000	S	2928		8	2017
150000508	94000000	S	2928		8	2017
150000511	94000000	S	2928		8	2017
150001717	521110	 	2932.5		8	2017
166001308	511100	 	2937.6		8	2017
150000510	94000000	S	2937.96		8	2017
110200126	571132	 	2939.19		8	2017
162000906	94000023	S	2942.64		8	2017
153000704	527130	 	2945.28		8	2017
150000501	94000023	S	2950.92		8	2017
162000907	94000013	S	2952.72		8	2017
190001507	94000033	S	2952.72		8	2017
123000128	94000033	S	2979.84		8	2017
161000901	94000033	S	2981.28		8	2017
110200126	541130	 	3000		8	2017
133000205	523800	 	3000		8	2017
140000302	531800	 	3000		8	2017
141200410	544110	 	3000		8	2017
150000504	543165	 	3000		8	2017
150001005	525100	 	3000		8	2017
152000801	524120	 	3000		8	2017
161000902	544112	 	3000		8	2017
166001103	529110	 	3000		8	2017
168001719	531200	 	3000		8	2017
190400412	545100	 	3000		8	2017
156001401	543170	 	3007.34		8	2017
130000127	94000083	S	3008.28		8	2017
121000122	504110	 	3027.96		8	2017
133000206	545100	 	3028.05		8	2017
168001303	94000063	S	3045.24		8	2017
140000303	94000063	S	3053.76		8	2017
151000603	515100	 	3056.64		8	2017
161001003	94000103	S	3057.72		8	2017
141500408	506100	 	3061.92		8	2017
130000127	94000033	S	3065.64		8	2017
150001709	521110	 	3067.5		8	2017
166001205	505100	 	3068.52		8	2017
170001102	94000065	S	3069.12		8	2017
162000906	94000103	S	3069.84		8	2017
166001308	94000103	S	3076.32		8	2017
166001206	94000103	S	3076.44		8	2017
166001202	94000103	S	3083.64		8	2017
166001203	94000103	S	3083.64		8	2017
166001204	94000103	S	3083.64		8	2017
153000702	94000023	S	3091.2		8	2017
140000302	94000083	S	3091.44		8	2017
137000220	571100	 	3093.21		8	2017
110200126	94000015	S	3096.96		8	2017
161000215	514100	 	3096.96		8	2017
110770131	94000025	S	3099.96		8	2017
150000501	94000025	S	3099.96		8	2017
150000504	94000025	S	3099.96		8	2017
150000506	94000025	S	3099.96		8	2017
150000507	94000025	S	3099.96		8	2017
150000508	94000025	S	3099.96		8	2017
150000510	94000025	S	3099.96		8	2017
150000511	94000025	S	3099.96		8	2017
140000306	543190	 	3100		8	2017
151000605	533990	 	3100		8	2017
161000902	94000025	S	3100.32		8	2017
123000128	571121	 	3101.4		8	2017
103001502	94000063	S	3104.16		8	2017
133000204	94000065	S	3104.52		8	2017
133000205	94000065	S	3104.52		8	2017
141300409	94000000	S	3104.88		8	2017
151000604	94000013	S	3131.76		8	2017
190001507	514100	 	3139.44		8	2017
151000608	514100	 	3141.12		8	2017
103001502	94000023	S	3144.84		8	2017
141200410	94000025	S	3155.16		8	2017
141400407	94000000	S	3162.84		8	2017
151000606	545200	 	3163.03		8	2017
114000107	94000063	S	3164.52		8	2017
111000115	94000033	S	3173.28		8	2017
110770131	94000000	S	3180		8	2017
161001003	94000000	S	3180.72		8	2017
110770131	543160	 	3185.91		8	2017
110000119	94000103	S	3189.96		8	2017
166000112	527130	 	3190.64		8	2017
190000104	543180	 	3191.79		8	2017
140000310	571100	 	3194.44		8	2017
110660130	543160	 	3200		8	2017
133000203	543130	 	3200		8	2017
168001302	94000003	S	3200.04		8	2017
161000215	94000003	S	3200.4		8	2017
190000414	94000011	S	3210.6		8	2017
190400413	94000011	S	3213		8	2017
153000701	94000023	S	3219.72		8	2017
190000104	543160	 	3220.76		8	2017
133000207	94000063	S	3228.12		8	2017
141700405	94000073	S	3229.08		8	2017
103001501	543180	 	3232		8	2017
141600406	94000063	S	3233.88		8	2017
150000501	94000073	S	3234.12		8	2017
141200410	94000073	S	3235.44		8	2017
137000219	521110	 	3242.31		8	2017
190000414	504100	 	3250.92		8	2017
156001307	94000023	S	3252.12		8	2017
102000103	504110	 	3256.68		8	2017
153000703	94000063	S	3266.76		8	2017
104000105	504100	 	3273.9		8	2017
140000301	94000073	S	3275.76		8	2017
190400412	94000011	S	3277.68		8	2017
162000907	541160	 	3289.28		8	2017
156001402	515100	 	3291.96		8	2017
123000128	94000065	S	3297		8	2017
150000508	501900	 	3300		8	2017
168001301	524130	 	3309.76		8	2017
133000205	94000073	S	3313.2		8	2017
162000907	543180	 	3318.99		8	2017
190000104	94000033	S	3333.6		8	2017
130000512	502200	 	3352.39		8	2017
190001507	504100	 	3358.08		8	2017
190000104	94000103	S	3362.28		8	2017
166001201	525500	 	3362.48		8	2017
150001708	547400	 	3362.79		8	2017
141300409	543120	 	3369.36		8	2017
161000901	94000000	S	3373.92		8	2017
156001401	541130	 	3383.26		8	2017
141000403	511100	 	3384.72		8	2017
166001202	571132	 	3385.32		8	2017
166001203	571132	 	3385.32		8	2017
123001718	529100	 	3389.31		8	2017
166001202	94000000	S	3391.2		8	2017
113000114	94000083	S	3394.68		8	2017
150000503	94000083	S	3397.8		8	2017
133000203	541130	 	3400		8	2017
150000506	94000183	S	3411.6		8	2017
153000701	543160	 	3417.03		8	2017
110000109	571132	 	3420.49		8	2017
161000902	94000103	S	3428.16		8	2017
152000803	94000103	S	3429.24		8	2017
101000102	94000063	S	3430.68		8	2017
151000601	94000103	S	3437.4		8	2017
141000402	94000063	S	3437.64		8	2017
150000504	525500	 	3438.04		8	2017
166001206	94000000	S	3441.24		8	2017
140000303	543190	 	3450		8	2017
130000512	501100	 	3461.58		8	2017
141000402	94000065	S	3468		8	2017
140000306	94000005	S	3469.08		8	2017
161000215	504100	 	3477.24		8	2017
166001202	511100	 	3480.48		8	2017
166001203	511100	 	3480.48		8	2017
166001204	511100	 	3480.48		8	2017
133000204	94000073	S	3492.12		8	2017
150000508	94000083	S	3493.92		8	2017
120000120	94000033	S	3494.04		8	2017
152000803	509100	 	3497.59		8	2017
150000510	571132	 	3498.6		8	2017
141000402	514100	 	3499.92		8	2017
110000124	543180	 	3500		8	2017
133000201	543180	 	3500		8	2017
137000219	526100	 	3500		8	2017
141700405	544112	 	3500		8	2017
150000510	544200	 	3500		8	2017
190000104	542100	 	3500		8	2017
190001507	543110	 	3500		8	2017
140000303	94000025	S	3500.04		8	2017
141800404	94000000	S	3506.4		8	2017
141800404	543130	 	3509.36		8	2017
161000902	94000055	S	3518.76		8	2017
161001207	94000033	S	3519		8	2017
151000604	509100	 	3521.06		8	2017
166001308	94000033	S	3531.6		8	2017
151000604	542900	 	3535		8	2017
152000803	541120	 	3540.08		8	2017
166001204	524150	 	3545.06		8	2017
190000104	541130	 	3551.62		8	2017
140000308	502200	 	3558.38		8	2017
103001501	94000083	S	3566.52		8	2017
156000208	94000023	S	3567.48		8	2017
153000703	94000033	S	3572.16		8	2017
141300409	528020	 	3580.51		8	2017
141400407	571140	 	3581.26		8	2017
141400407	94000103	S	3588.6		8	2017
133000201	94000003	S	3597.24		8	2017
101000102	501900	 	3600		8	2017
110990133	523500	 	3600		8	2017
133000206	541160	 	3600		8	2017
121000122	94000023	S	3600.6		8	2017
123000128	543190	 	3604.59		8	2017
161000215	94000005	S	3615.83		8	2017
110770131	94000083	S	3617.28		8	2017
150000504	94000023	S	3623.88		8	2017
104000105	94000133	S	3627.24		8	2017
156001402	94000133	S	3627.24		8	2017
190400412	94000133	S	3627.24		8	2017
153000702	94000063	S	3628.32		8	2017
161000215	506100	 	3629.4		8	2017
161001003	94000133	S	3629.4		8	2017
141600406	509100	 	3638.1		8	2017
141500408	515100	 	3642.24		8	2017
161000215	94000011	S	3647.4		8	2017
190001507	506100	 	3679.32		8	2017
190400413	94000173	S	3682.92		8	2017
103001501	94000033	S	3694.2		8	2017
114000107	94000033	S	3697.32		8	2017
101000102	94000025	S	3699.96		8	2017
161001207	94000025	S	3712.08		8	2017
161001003	94000003	S	3712.44		8	2017
152000801	571130	 	3730		8	2017
190400412	501100	 	3738.92		8	2017
110990133	94000025	S	3750		8	2017
140000302	543190	 	3750		8	2017
190600903	94000011	S	3755.07		8	2017
166001308	541160	 	3759.18		8	2017
152000802	571140	 	3770.16		8	2017
166001308	505100	 	3771.24		8	2017
161001207	527130	 	3772.58		8	2017
156001401	571100	 	3778.93		8	2017
137000220	94000013	S	3780		8	2017
168001301	543130	 	3789.2		8	2017
133000201	504110	 	3798		8	2017
140000301	94000025	S	3800.04		8	2017
133000206	94000023	S	3811.68		8	2017
166001204	94000003	S	3846.84		8	2017
141000402	504100	 	3849.36		8	2017
133000203	581111	S	3859.88		8	2017
110770131	571132	 	3867.34		8	2017
150000503	94000023	S	3868.56		8	2017
152000801	541130	 	3875.08		8	2017
161001207	94000000	S	3900.12		8	2017
141300409	94000025	S	3903.36		8	2017
163000904	94000003	S	3904.68		8	2017
151000603	94000173	S	3908.64		8	2017
103001501	94000025	S	3927.96		8	2017
137000221	542900	 	3968.44		8	2017
152000802	94000000	S	3969.12		8	2017
140000309	94000002	S	3981.36		8	2017
161001003	529100	 	3988.19		8	2017
137000220	527130	 	3999.08		8	2017
110000124	543160	 	4000		8	2017
123000128	537100	 	4000		8	2017
133000205	541130	 	4000		8	2017
133000207	543190	 	4000		8	2017
137000219	544112	 	4000		8	2017
140000306	528010	 	4000		8	2017
141000401	543151	 	4000		8	2017
141800404	541120	 	4000		8	2017
150001713	524150	 	4000		8	2017
166001103	543120	 	4000		8	2017
166001103	544112	 	4000		8	2017
151000608	94000015	S	4002.84		8	2017
141700405	94000025	S	4003.56		8	2017
141400407	94000023	S	4006.8		8	2017
190400412	94000002	S	4008.36		8	2017
140000306	514100	 	4020.12		8	2017
156000208	94000033	S	4024.2		8	2017
156001307	94000103	S	4028.64		8	2017
150001005	504110	 	4035.72		8	2017
102000103	501900	 	4040		8	2017
121000121	504110	 	4042.68		8	2017
101000102	94000103	S	4043.28		8	2017
137000219	542900	 	4055.63		8	2017
151000604	94000000	S	4060.44		8	2017
156001307	542100	 	4100		8	2017
141000402	506100	 	4101.72		8	2017
130000512	94000183	S	4107.24		8	2017
110990133	524140	 	4108.72		8	2017
141700405	509100	 	4133.69		8	2017
140000310	94000103	S	4144.32		8	2017
140000304	543190	 	4150		8	2017
166001205	503200	 	4153.32		8	2017
153000704	94000083	S	4155.84		8	2017
141000401	571132	 	4167.44		8	2017
150000510	94000065	S	4167.84		8	2017
141500408	504100	 	4170.12		8	2017
141600406	94000023	S	4171.32		8	2017
166001206	511100	 	4186.44		8	2017
110660130	543170	 	4200		8	2017
140001703	524120	 	4200		8	2017
163001001	509100	 	4203.4		8	2017
141000401	94000103	S	4219.8		8	2017
110990133	94000143	S	4220.04		8	2017
153000701	94000063	S	4227.6		8	2017
121000122	94000003	S	4235.76		8	2017
110990133	94000083	S	4253.88		8	2017
113000114	94000063	S	4262.88		8	2017
110880132	94000103	S	4285.92		8	2017
153000703	94000183	S	4294.08		8	2017
162000906	94000033	S	4295.52		8	2017
152000801	525500	 	4300		8	2017
166001103	581115	S	4300		8	2017
168001301	581113	S	4300		8	2017
141200410	94000083	S	4302.72		8	2017
151000605	94000025	S	4305.36		8	2017
161000215	515100	 	4317.36		8	2017
133000206	94000033	S	4325.16		8	2017
140000309	94000011	S	4334.52		8	2017
152000802	94000173	S	4338.36		8	2017
110990133	543160	 	4341.75		8	2017
141000403	505100	 	4345.32		8	2017
162000908	94000005	S	4346.94		8	2017
190000113	94000133	S	4352.76		8	2017
110990133	94000003	S	4360.08		8	2017
166001103	571131	 	4364.56		8	2017
151000603	94000103	S	4369.92		8	2017
190001507	515100	 	4376.52		8	2017
151000608	515100	 	4379.04		8	2017
137000220	525500	 	4402.6		8	2017
156000208	571110	 	4412.94		8	2017
163000904	502200	 	4415.48		8	2017
166001201	571100	 	4418.3		8	2017
111000115	543170	 	4431.67		8	2017
161000901	94000025	S	4441.44		8	2017
110770131	543170	 	4445.23		8	2017
190000113	94000011	S	4448.52		8	2017
140000302	514100	 	4461.72		8	2017
166001202	505100	 	4468.56		8	2017
166001203	505100	 	4468.56		8	2017
166001204	505100	 	4468.56		8	2017
104000105	529100	 	4475.64		8	2017
156001401	94000023	S	4489.92		8	2017
166001202	94000011	S	4490.28		8	2017
110000124	541130	 	4500		8	2017
133000203	527130	 	4500		8	2017
140000305	527130	 	4500		8	2017
140000310	525500	 	4500		8	2017
166001308	544112	 	4500		8	2017
190400412	543190	 	4500		8	2017
166001202	94000002	S	4504.08		8	2017
166001203	94000002	S	4504.08		8	2017
166001204	94000002	S	4504.2		8	2017
125000108	502200	 	4509.9		8	2017
140000309	514100	 	4510.8		8	2017
141600406	545200	 	4511.02		8	2017
133000204	571132	 	4518.66		8	2017
123000128	522100	 	4519.95		8	2017
151000605	94000083	S	4527.72		8	2017
141200410	543130	 	4528.12		8	2017
150000501	504110	 	4530.72		8	2017
190600903	94000103	S	4546.32		8	2017
121000122	94000033	S	4549.8		8	2017
110880132	94000083	S	4555.92		8	2017
110000124	94000033	S	4565.28		8	2017
141200410	94000173	S	4573.8		8	2017
137000219	94000063	S	4582.32		8	2017
150001005	571132	 	4588.89		8	2017
190000414	514100	 	4591.2		8	2017
151000605	94000003	S	4592.16		8	2017
137000220	543180	 	4608.74		8	2017
140000301	94000065	S	4612.92		8	2017
153000703	94000103	S	4618.2		8	2017
137000220	94000065	S	4625.04		8	2017
151000603	94000015	S	4633.2		8	2017
111000116	94000073	S	4634.52		8	2017
166000112	571140	 	4656.88		8	2017
133000203	506100	 	4664.42		8	2017
156000208	571132	 	4664.8		8	2017
114000107	94000065	S	4671		8	2017
190001507	545200	 	4673		8	2017
190000104	543120	 	4673.2		8	2017
140000308	94000023	S	4677.48		8	2017
103001502	94000000	S	4698		8	2017
150000511	541180	 	4700		8	2017
168001301	94000073	S	4702.8		8	2017
166001203	94000011	S	4703.04		8	2017
140000306	506100	 	4711.32		8	2017
153000703	543160	 	4729.5		8	2017
190000113	94000023	S	4737.72		8	2017
141000403	502200	 	4740.42		8	2017
151000602	543190	 	4746		8	2017
114000107	94000000	S	4760.04		8	2017
104000105	94000023	S	4765.08		8	2017
137000219	543120	 	4770.1		8	2017
102000103	543180	 	4777.3		8	2017
156001401	543180	 	4792.96		8	2017
130000512	94000015	S	4800		8	2017
162000907	94000143	S	4809.48		8	2017
141000402	94000011	S	4813.92		8	2017
168001303	509100	 	4815.07		8	2017
133000201	94000023	S	4816.92		8	2017
151000605	94000073	S	4821.12		8	2017
166001201	94000083	S	4833.36		8	2017
150001712	547400	 	4863.51		8	2017
133000204	94000025	S	4871.28		8	2017
162000907	527130	 	4874.46		8	2017
141000402	515100	 	4879.08		8	2017
150000503	502200	 	4882.14		8	2017
190000104	94000023	S	4882.92		8	2017
110000123	504100	 	4886.4		8	2017
150001005	94000023	S	4896		8	2017
133000203	524130	 	4900		8	2017
110000124	94000063	S	4935		8	2017
151000601	541130	 	4964.76		8	2017
140000306	504100	 	4977.97		8	2017
150001005	525500	 	4995		8	2017
110000109	542900	 	5000		8	2017
110000123	545200	 	5000		8	2017
121000122	529100	 	5000		8	2017
123000128	523800	 	5000		8	2017
123000128	544110	 	5000		8	2017
133000203	543180	 	5000		8	2017
140000302	542900	 	5000		8	2017
140000310	541130	 	5000		8	2017
150000504	545100	 	5000		8	2017
150001005	525120	 	5000		8	2017
150001005	543130	 	5000		8	2017
152000801	501900	 	5000		8	2017
153000701	501900	 	5000		8	2017
166001308	523500	 	5000		8	2017
168001302	544110	 	5000		8	2017
190400413	501900	 	5000		8	2017
141700405	94000035	S	5000.04		8	2017
190000104	94000025	S	5000.04		8	2017
110200126	94000033	S	5002.56		8	2017
166000112	521120	 	5003.12		8	2017
141200410	543140	 	5011		8	2017
150000504	94000143	S	5031		8	2017
141000401	545100	 	5037.26		8	2017
137000220	543160	 	5046.55		8	2017
190400412	94000005	S	5048.16		8	2017
140000310	531800	 	5050		8	2017
141300409	503900	 	5050		8	2017
166001205	543130	 	5057.96		8	2017
110000123	514100	 	5070.01		8	2017
110990133	94000133	S	5078.16		8	2017
190001507	545100	 	5080		8	2017
140001703	571110	 	5086.25		8	2017
152000802	571132	 	5094		8	2017
133000207	503200	 	5097.14		8	2017
125000108	542900	 	5100		8	2017
150000502	533170	 	5100		8	2017
150000510	533110	 	5100		8	2017
150000504	543120	 	5126		8	2017
110000109	571130	 	5126.46		8	2017
150000504	94000033	S	5140.08		8	2017
104000105	94000015	S	5160		8	2017
151000602	94000065	S	5172.36		8	2017
141600406	571110	 	5186.65		8	2017
137000220	523800	 	5210		8	2017
140000302	506100	 	5229		8	2017
101000102	94000023	S	5232.72		8	2017
141300409	543130	 	5239.4		8	2017
166001202	94000173	S	5244.24		8	2017
166001203	94000173	S	5244.24		8	2017
166001204	94000173	S	5244.48		8	2017
151000608	94000011	S	5246.88		8	2017
153000702	94000033	S	5256.6		8	2017
166001201	571110	 	5258.3		8	2017
133000202	503200	 	5261.76		8	2017
163000904	94000000	S	5263.56		8	2017
137000221	504110	 	5283.48		8	2017
140000309	506100	 	5286.6		8	2017
113000114	501900	 	5300		8	2017
140000302	504100	 	5305.2		8	2017
123000128	94000083	S	5333.76		8	2017
166001206	94000011	S	5334.84		8	2017
151000608	502200	 	5340.17		8	2017
153000704	94000023	S	5344.32		8	2017
102000103	542100	 	5353		8	2017
166001206	505100	 	5374.05		8	2017
190000414	506100	 	5380.8		8	2017
111000115	94000025	S	5383.2		8	2017
166001203	94000055	S	5400		8	2017
133000201	571140	 	5412.39		8	2017
110200126	94000063	S	5422.2		8	2017
168001302	514100	 	5425.08		8	2017
190000414	94000002	S	5466		8	2017
190400413	94000002	S	5466		8	2017
103001501	94000063	S	5469.48		8	2017
141000401	541130	 	5474.26		8	2017
140000304	94000025	S	5499.96		8	2017
141200410	543170	 	5500		8	2017
141500408	542900	 	5500		8	2017
150000504	542900	 	5500		8	2017
152000803	545100	 	5500		8	2017
103001501	543151	 	5505		8	2017
111000115	94000173	S	5510.52		8	2017
141300409	94000065	S	5562		8	2017
156000208	94000103	S	5585.28		8	2017
151000603	94000011	S	5587.92		8	2017
123001718	547400	 	5598.09		8	2017
110880132	94000143	S	5600.04		8	2017
140000306	515100	 	5603.76		8	2017
113000114	94000003	S	5610		8	2017
140000301	94000103	S	5613		8	2017
166001103	94000073	S	5615.16		8	2017
152000801	94000065	S	5623.68		8	2017
141600406	543180	 	5638.77		8	2017
141000402	94000002	S	5646.48		8	2017
166000112	94000005	S	5646.63		8	2017
141800404	541130	 	5662.29		8	2017
110990133	94000011	S	5665.8		8	2017
152000802	94000011	S	5679.48		8	2017
161000215	94000002	S	5686.68		8	2017
110660130	94000011	S	5688.14		8	2017
141300409	94000063	S	5699.16		8	2017
110770131	94000011	S	5717.52		8	2017
140000304	94000063	S	5730.36		8	2017
162000908	94000011	S	5734.2		8	2017
150000510	527130	 	5736		8	2017
150001708	559900	 	5739.1		8	2017
141700405	543190	 	5756.4		8	2017
156001402	529100	 	5760.72		8	2017
110660130	94000103	S	5783.16		8	2017
156001307	94000133	S	5803.68		8	2017
140000302	94000005	S	5806.68		8	2017
104000105	94000173	S	5827.2		8	2017
113000114	94000033	S	5835.96		8	2017
150000503	94000000	S	5856		8	2017
150001005	94000000	S	5856		8	2017
150000501	94000063	S	5898.72		8	2017
168001303	543160	 	5900		8	2017
150000511	94000103	S	5900.52		8	2017
114000107	94000023	S	5905.8		8	2017
110000123	506100	 	5942.04		8	2017
141000401	94000003	S	5998.68		8	2017
103001502	521130	 	6000		8	2017
140000303	531800	 	6000		8	2017
140000306	542900	 	6000		8	2017
140000306	545100	 	6000		8	2017
140000307	528010	 	6000		8	2017
140001703	521110	 	6000		8	2017
150001713	524140	 	6000		8	2017
150001716	524120	 	6000		8	2017
156001401	501901	 	6000		8	2017
166001201	541160	 	6000		8	2017
168001302	501901	 	6000		8	2017
151000602	94000143	S	6007.2		8	2017
110880132	543170	 	6020		8	2017
166001201	545100	 	6025.51		8	2017
151000601	94000015	S	6031.56		8	2017
153000701	94000103	S	6035.04		8	2017
151000605	504110	 	6055.2		8	2017
133000205	94000025	S	6061.2		8	2017
110770131	514100	 	6063.48		8	2017
150000504	94000083	S	6065.28		8	2017
150000501	509100	 	6068.18		8	2017
102000118	94000033	S	6069.48		8	2017
137000221	94000063	S	6079.8		8	2017
140000307	571100	 	6081.02		8	2017
141500408	94000025	S	6103.56		8	2017
151000606	543180	 	6108.67		8	2017
150000502	94000063	S	6111.6		8	2017
166001205	94000133	S	6115.8		8	2017
140000301	94000000	S	6131.4		8	2017
153000704	94000063	S	6145.32		8	2017
141400407	543190	 	6156.4		8	2017
166000112	525500	 	6159.84		8	2017
113000114	541130	 	6161		8	2017
166000112	94000023	S	6164.76		8	2017
110000119	503200	 	6184.04		8	2017
140000309	504100	 	6190.56		8	2017
152000803	581113	S	6193.45		8	2017
121000121	94000003	S	6194.16		8	2017
114000107	94000005	S	6194.76		8	2017
110880132	94000011	S	6197.64		8	2017
150000503	94000025	S	6200.04		8	2017
150001005	94000025	S	6200.28		8	2017
156001401	94000033	S	6200.52		8	2017
150000506	94000103	S	6204.96		8	2017
141700405	94000103	S	6217.56		8	2017
140000302	515100	 	6219.84		8	2017
153000701	571140	 	6229.5		8	2017
141800404	94000103	S	6248.4		8	2017
166001204	94000011	S	6248.76		8	2017
141000402	502200	 	6249.71		8	2017
168001302	545100	 	6250.04		8	2017
151000604	529120	 	6265.89		8	2017
150000502	504110	 	6274.08		8	2017
141800404	94000063	S	6278.88		8	2017
153000702	94000103	S	6281.64		8	2017
150001712	529100	 	6283.94		8	2017
140000309	515100	 	6288.12		8	2017
150000506	94000011	S	6293.52		8	2017
102000103	543160	 	6312.5		8	2017
133000203	502200	 	6327.01		8	2017
121000122	94000063	S	6327.6		8	2017
168001302	504100	 	6332.17		8	2017
166001204	94000023	S	6337.32		8	2017
153000704	543160	 	6342.59		8	2017
166001203	571120	 	6346.73		8	2017
153000701	94000033	S	6355.2		8	2017
168001302	506100	 	6358.2		8	2017
163001001	94000023	S	6368.4		8	2017
156001402	94000011	S	6374.64		8	2017
152000802	529100	 	6381.11		8	2017
152000803	581111	S	6382.33		8	2017
156001401	94000025	S	6385.32		8	2017
166001203	94000000	S	6391.2		8	2017
190000414	515100	 	6400.44		8	2017
151000606	543120	 	6416.92		8	2017
168001302	571110	 	6423.45		8	2017
133000202	94000003	S	6440.04		8	2017
110660130	541130	 	6450		8	2017
110880132	94000003	S	6450		8	2017
162000907	94000063	S	6454.68		8	2017
110000119	504100	 	6466.21		8	2017
113000114	94000023	S	6470.88		8	2017
152000801	94000033	S	6482.76		8	2017
168001303	94000055	S	6500.04		8	2017
110770131	504100	 	6501.84		8	2017
151000602	571132	 	6501.98		8	2017
110660130	94000133	S	6529.08		8	2017
140000309	94000133	S	6531.6		8	2017
161000215	94000015	S	6533.64		8	2017
190000104	543170	 	6542.47		8	2017
140001703	547400	 	6544.28		8	2017
151000601	527130	 	6548.88		8	2017
166001202	571124	 	6550.77		8	2017
110880132	94000133	S	6552.48		8	2017
153000702	94000183	S	6582.24		8	2017
153000702	529100	 	6604.66		8	2017
141600406	543130	 	6653.71		8	2017
140000308	94000011	S	6670.2		8	2017
156001401	94000003	S	6688.08		8	2017
133000204	504110	 	6693		8	2017
141800404	571110	 	6696.05		8	2017
140000303	514100	 	6749.52		8	2017
150000507	94000103	S	6764.76		8	2017
150000502	541130	 	6768		8	2017
110000109	541140	 	6770		8	2017
151000605	94000063	S	6786.72		8	2017
156001401	94000065	S	6789.6		8	2017
133000203	514100	 	6794.04		8	2017
168001301	527130	 	6800		8	2017
141000402	94000023	S	6800.76		8	2017
150001713	581114	S	6801.48		8	2017
153000701	94000183	S	6803.52		8	2017
110200126	94000003	S	6812.64		8	2017
110000109	94000033	S	6813.96		8	2017
151000604	571110	 	6820.87		8	2017
162000909	94000005	S	6830.97		8	2017
111000116	94000103	S	6833.16		8	2017
166000112	94000011	S	6896.88		8	2017
150001716	571110	 	6906.44		8	2017
133000206	94000000	S	6915.48		8	2017
151000604	94000023	S	6916.8		8	2017
150000507	502200	 	6928.65		8	2017
166000112	511100	 	6942.12		8	2017
152000801	94000103	S	6957.72		8	2017
120000120	94000023	S	6972.84		8	2017
150000508	94000103	S	6978.72		8	2017
150001713	581112	S	6980.4		8	2017
168001301	94000063	S	6986.88		8	2017
156001402	506100	 	6990.32		8	2017
140000305	528010	 	7000		8	2017
140000307	527130	 	7000		8	2017
190400412	529100	 	7000		8	2017
140000306	543120	 	7019.96		8	2017
168001303	94000083	S	7052.16		8	2017
110000123	515100	 	7068.12		8	2017
141700405	94000023	S	7083.48		8	2017
110770131	506100	 	7106.11		8	2017
103001502	514100	 	7108.2		8	2017
137000219	94000073	S	7110.84		8	2017
110000123	94000103	S	7128.36		8	2017
151000601	94000173	S	7153.08		8	2017
156000208	528010	 	7160.02		8	2017
156001401	524140	 	7161.02		8	2017
166001308	94000013	S	7170		8	2017
150000506	502200	 	7185.53		8	2017
162000908	504100	 	7189.81		8	2017
156000208	94000000	S	7192.32		8	2017
152000801	543130	 	7195		8	2017
110000119	94000015	S	7200		8	2017
156001402	94000103	S	7203.96		8	2017
152000803	94000143	S	7209.96		8	2017
161001003	94000011	S	7230		8	2017
133000205	94000003	S	7235.04		8	2017
102000103	94000000	S	7284.96		8	2017
190600903	94000002	S	7287.96		8	2017
162000907	94000083	S	7290.12		8	2017
140000303	94000083	S	7303.2		8	2017
166000112	94000065	S	7312.2		8	2017
110770131	94000133	S	7339.56		8	2017
151000608	94000173	S	7346.4		8	2017
166001103	571132	 	7350		8	2017
150000503	571140	 	7365.11		8	2017
156001402	94000002	S	7367.76		8	2017
141300409	571140	 	7384.1		8	2017
114000107	94000173	S	7386.96		8	2017
110000119	514100	 	7405.8		8	2017
141400407	94000063	S	7449.84		8	2017
168001302	94000103	S	7450.8		8	2017
110770131	94000003	S	7460.88		8	2017
166000112	94000002	S	7496.88		8	2017
110200126	528010	 	7500		8	2017
123000128	94000035	S	7500		8	2017
150001005	541160	 	7500		8	2017
163000904	529100	 	7500		8	2017
168001303	545100	 	7500		8	2017
151000601	502200	 	7519.48		8	2017
163000904	94000103	S	7540.68		8	2017
141700405	514100	 	7557		8	2017
168001302	515100	 	7563.07		8	2017
168001301	524110	 	7578.6		8	2017
141400407	94000033	S	7592.64		8	2017
120000120	94000000	S	7601.28		8	2017
110000109	94000003	S	7617.36		8	2017
110200126	94000065	S	7632		8	2017
103001502	94000033	S	7639.08		8	2017
123000128	94000103	S	7645.92		8	2017
152000802	543160	 	7659.54		8	2017
137000219	571130	 	7659.98		8	2017
168001302	571140	 	7675.47		8	2017
151000601	529100	 	7692.48		8	2017
140000309	529100	 	7700		8	2017
190600903	514100	 	7724.04		8	2017
151000606	94000033	S	7731.96		8	2017
133000207	94000002	S	7734.36		8	2017
104000105	511100	 	7747.08		8	2017
141500408	543180	 	7800		8	2017
168001302	541160	 	7811.84		8	2017
150000511	94000063	S	7828.56		8	2017
140000305	514100	 	7838.64		8	2017
137000220	522100	 	7869		8	2017
140000303	504100	 	7881.36		8	2017
150000504	94000103	S	7906.2		8	2017
140000303	506100	 	7910.04		8	2017
141500408	94000011	S	7920.36		8	2017
110880132	543160	 	7930.39		8	2017
141000401	94000133	S	7980		8	2017
166001205	501100	 	7982.16		8	2017
121000121	94000023	S	7998.96		8	2017
120000120	525500	 	8000		8	2017
133000207	543180	 	8000		8	2017
140000305	542900	 	8000		8	2017
140001703	531800	 	8000		8	2017
150001709	531800	 	8000		8	2017
168001302	94000023	S	8032.56		8	2017
152000801	543170	 	8049.92		8	2017
162000907	543160	 	8051.13		8	2017
102000103	94000163	S	8081.04		8	2017
166001203	571124	 	8102.2		8	2017
102000103	94000033	S	8104.68		8	2017
140000306	94000023	S	8122.92		8	2017
151000601	94000011	S	8137.32		8	2017
140000308	503200	 	8163.86		8	2017
166001205	94000015	S	8164.8		8	2017
162000907	509100	 	8189.69		8	2017
150001717	529100	 	8216.5		8	2017
161001207	94000103	S	8256.6		8	2017
166001201	94000063	S	8282.04		8	2017
110880132	502200	 	8300.18		8	2017
150000502	545200	 	8304.88		8	2017
103001502	506100	 	8330.76		8	2017
156001401	94000103	S	8361.84		8	2017
156001307	543190	 	8364.18		8	2017
156001401	571140	 	8364.45		8	2017
133000204	94000013	S	8379.96		8	2017
133000204	539190	 	8400		8	2017
161001003	514100	 	8419.08		8	2017
153000703	514100	 	8445.48		8	2017
110770131	515100	 	8452.68		8	2017
162000909	94000011	S	8490.96		8	2017
133000201	542100	 	8500		8	2017
133000205	523100	 	8500		8	2017
152000803	541160	 	8500		8	2017
113000114	543120	 	8505		8	2017
151000604	571140	 	8513.71		8	2017
140000309	501200	 	8523.36		8	2017
103001502	504100	 	8531.77		8	2017
141000401	94000025	S	8541.84		8	2017
168001302	94000000	S	8550		8	2017
190000414	94000001	S	8578.29		8	2017
150000508	94000011	S	8593.32		8	2017
141500408	94000133	S	8594.04		8	2017
123000128	581110	S	8600		8	2017
152000802	523500	 	8600.04		8	2017
141600406	94000000	S	8606.52		8	2017
137000220	543130	 	8611.17		8	2017
161000901	94000103	S	8632.32		8	2017
141700405	543180	 	8650		8	2017
190400413	94000001	S	8667.81		8	2017
168001302	543160	 	8675		8	2017
110000119	506100	 	8679.48		8	2017
133000203	543160	 	8700		8	2017
150000508	94000133	S	8705.52		8	2017
150000511	94000133	S	8705.52		8	2017
133000205	504110	 	8707.68		8	2017
152000802	502200	 	8714.88		8	2017
130000512	503200	 	8715.46		8	2017
156000208	529100	 	8725.28		8	2017
166000112	94000173	S	8728.8		8	2017
150000510	94000033	S	8737.32		8	2017
166001202	502200	 	8760		8	2017
166001203	502200	 	8760		8	2017
166001204	502200	 	8760.12		8	2017
140000308	514100	 	8776.2		8	2017
150000508	514100	 	8786.52		8	2017
152000801	521120	 	8800		8	2017
150000502	94000023	S	8808		8	2017
133000203	571140	 	8813.18		8	2017
140000303	543120	 	8819.96		8	2017
140000305	543120	 	8819.96		8	2017
141700405	506100	 	8856.56		8	2017
130000512	94000001	S	8861.33		8	2017
161000901	527130	 	8862.65		8	2017
113000114	94000000	S	8899.92		8	2017
166000112	505100	 	8912.16		8	2017
141200410	94000103	S	8942.4		8	2017
140000308	94000002	S	8950.08		8	2017
153000704	94000033	S	8966.16		8	2017
110880132	543190	 	8999.38		8	2017
103001502	503900	 	9000		8	2017
140000304	528010	 	9000		8	2017
168001301	581115	S	9000		8	2017
168001302	523500	 	9000		8	2017
141500408	543120	 	9028.2		8	2017
168001302	94000013	S	9030.48		8	2017
121000121	94000033	S	9044.52		8	2017
161000901	94000011	S	9051.36		8	2017
156001307	94000011	S	9051.48		8	2017
190600903	506100	 	9052.32		8	2017
190000104	543151	 	9065.98		8	2017
101000102	94000011	S	9073.68		8	2017
103001501	549162	 	9090		8	2017
113000114	542900	 	9090		8	2017
121000121	94000063	S	9092.16		8	2017
133000205	542900	 	9100		8	2017
190000113	94000002	S	9110.04		8	2017
190600903	94000001	S	9110.69		8	2017
190000113	94000173	S	9115.44		8	2017
190001507	94000015	S	9120		8	2017
140000305	504100	 	9146.51		8	2017
151000608	506100	 	9147.88		8	2017
140000306	94000133	S	9159.72		8	2017
133000203	581112	S	9163.38		8	2017
140000305	506100	 	9186.55		8	2017
151000608	94000001	S	9200.01		8	2017
166000112	94000103	S	9200.04		8	2017
140000301	94000063	S	9215.52		8	2017
168001302	94000015	S	9222		8	2017
137000219	94000065	S	9249.96		8	2017
102000118	94000063	S	9267.6		8	2017
151000608	94000063	S	9275.04		8	2017
140000305	94000083	S	9282.48		8	2017
141300409	94000033	S	9288.84		8	2017
141600406	514100	 	9292.44		8	2017
141000401	94000023	S	9296.64		8	2017
137000221	545100	 	9300		8	2017
103001501	543150	 	9301.17		8	2017
141600406	529100	 	9333.46		8	2017
141000401	94000011	S	9338.28		8	2017
141700405	94000083	S	9373.08		8	2017
161001003	94000005	S	9376.24		8	2017
137000220	529100	 	9381.5		8	2017
153000703	94000011	S	9404.04		8	2017
140000303	515100	 	9408.36		8	2017
141400407	543120	 	9438.2		8	2017
110990133	502200	 	9445.06		8	2017
141000401	504100	 	9448.8		8	2017
133000203	515100	 	9471.48		8	2017
141000401	514100	 	9476.64		8	2017
141300409	545200	 	9491.93		8	2017
103001502	543150	 	9494		8	2017
152000802	514100	 	9506.52		8	2017
163001001	94000033	S	9511.08		8	2017
141300409	571110	 	9563.87		8	2017
150000511	94000011	S	9582.36		8	2017
133000203	94000002	S	9584.52		8	2017
137000219	543130	 	9613.09		8	2017
110880132	94000000	S	9619.92		8	2017
156001401	542900	 	9630		8	2017
141000403	94000001	S	9675.93		8	2017
153000703	504100	 	9712.32		8	2017
110660130	504100	 	9717.12		8	2017
110990133	504100	 	9717.12		8	2017
190000113	94000015	S	9720		8	2017
101000102	514100	 	9720.12		8	2017
152000802	504100	 	9726.73		8	2017
151000604	94000143	S	9744.6		8	2017
166001201	509100	 	9745.61		8	2017
166001103	94000173	S	9758.76		8	2017
152000803	94000000	S	9778.2		8	2017
102000118	504100	 	9800.53		8	2017
161000215	502200	 	9803.4		8	2017
166001308	501100	 	9809.1		8	2017
150000511	502200	 	9817.12		8	2017
140000302	543120	 	9819.96		8	2017
141800404	94000033	S	9848.4		8	2017
161001003	506100	 	9867.12		8	2017
137000220	571132	 	9893.73		8	2017
140000309	94000183	S	9894.6		8	2017
153000703	506100	 	9897.72		8	2017
162000908	514100	 	9905.52		8	2017
103001502	515100	 	9909.24		8	2017
162000907	94000023	S	9912.48		8	2017
151000603	511100	 	9918.64		8	2017
110200126	94000023	S	9919.08		8	2017
133000207	94000011	S	9945		8	2017
104000105	505100	 	9945.2		8	2017
190000414	502200	 	9945.23		8	2017
141500408	501900	 	9950		8	2017
110660130	502200	 	9963.19		8	2017
111000115	504100	 	9971.76		8	2017
133000205	94000023	S	9973.44		8	2017
133000207	94000025	S	9999.96		8	2017
140000305	94000025	S	9999.96		8	2017
110000119	541130	 	10000		8	2017
110000124	544112	 	10000		8	2017
137000219	523500	 	10000		8	2017
140000304	527130	 	10000		8	2017
140000310	541120	 	10000		8	2017
141800404	542900	 	10000		8	2017
150001716	521110	 	10000		8	2017
151000603	531801	 	10000		8	2017
152000803	501900	 	10000		8	2017
156001401	543151	 	10000		8	2017
166001103	524130	 	10000		8	2017
166001103	525100	 	10000		8	2017
166001103	541130	 	10000		8	2017
168001301	529110	 	10000		8	2017
168001303	527130	 	10000		8	2017
168001303	529110	 	10000		8	2017
190001507	524160	 	10000		8	2017
150000510	94000103	S	10029.48		8	2017
141800404	94000025	S	10051.8		8	2017
141300409	541130	 	10061.03		8	2017
133000203	94000015	S	10080		8	2017
141300409	94000103	S	10082.52		8	2017
151000605	94000023	S	10137.36		8	2017
141600406	94000103	S	10143.6		8	2017
161001207	94000011	S	10150.08		8	2017
162000909	94000133	S	10156.44		8	2017
153000703	94000133	S	10157.64		8	2017
140000302	94000023	S	10167.84		8	2017
103001501	543160	 	10196.2		8	2017
168001301	531700	 	10200		8	2017
166000112	94000000	S	10223.64		8	2017
111000116	94000025	S	10243.44		8	2017
103001502	571140	 	10246.49		8	2017
141600406	94000025	S	10251.96		8	2017
150000506	94000173	S	10284.12		8	2017
140000308	506100	 	10285.44		8	2017
150000508	506100	 	10297.8		8	2017
166000112	524160	 	10300		8	2017
110000119	515100	 	10324.2		8	2017
140000310	542900	 	10330		8	2017
190001507	581113	S	10361		8	2017
161000215	94000001	S	10361.61		8	2017
113000114	514100	 	10363.32		8	2017
166001308	94000143	S	10370.04		8	2017
110770131	94000143	S	10380		8	2017
141500408	94000083	S	10389.84		8	2017
151000602	545200	 	10401.96		8	2017
170001208	501100	 	10402.56		8	2017
190000113	94000001	S	10409.62		8	2017
166001201	543160	 	10443.76		8	2017
141800404	545100	 	10450.55		8	2017
162000907	94000103	S	10453.32		8	2017
102000118	514100	 	10461.23		8	2017
121000121	94000025	S	10474.92		8	2017
166001201	543180	 	10486.48		8	2017
141500408	543190	 	10490.89		8	2017
133000203	504100	 	10497.72		8	2017
140000303	542900	 	10500		8	2017
151000604	531801	 	10500		8	2017
162000908	94000001	S	10512.69		8	2017
151000605	541130	 	10531.2		8	2017
141700405	515100	 	10534.68		8	2017
141000401	502200	 	10562.77		8	2017
110990133	514100	 	10608.6		8	2017
121000122	94000025	S	10625.16		8	2017
140000309	94000015	S	10631.16		8	2017
190000104	94000011	S	10647.72		8	2017
102000103	94000083	S	10661.04		8	2017
141300409	543180	 	10678.42		8	2017
156001402	511100	 	10683.12		8	2017
190400412	502200	 	10736.82		8	2017
190400412	94000001	S	10739.67		8	2017
133000204	541130	 	10750		8	2017
166001206	94000002	S	10766.4		8	2017
190600903	515100	 	10767.72		8	2017
150000504	514100	 	10806		8	2017
125000108	94000103	S	10809.96		8	2017
110660130	514100	 	10836.96		8	2017
141600406	504100	 	10869.01		8	2017
101000102	94000133	S	10881.84		8	2017
141600406	506100	 	10890.72		8	2017
110660130	94000002	S	10900.48		8	2017
140000305	515100	 	10926.87		8	2017
103001502	94000103	S	10928.04		8	2017
140000306	525500	 	10929.36		8	2017
110770131	94000002	S	10932.48		8	2017
110990133	94000002	S	10932.48		8	2017
162000907	541130	 	10948.49		8	2017
110990133	543170	 	10956.23		8	2017
141200410	543180	 	11000		8	2017
141800404	544112	 	11000		8	2017
150000503	503200	 	11009.4		8	2017
130000127	94000173	S	11035.32		8	2017
141000401	506100	 	11106.36		8	2017
156001307	514100	 	11129.16		8	2017
152000802	506100	 	11141.64		8	2017
133000207	94000183	S	11144.04		8	2017
150000503	94000011	S	11147.64		8	2017
120000120	571140	 	11148.57		8	2017
114000107	94000011	S	11180.04		8	2017
163000904	503200	 	11193.3		8	2017
152000802	94000002	S	11205.36		8	2017
110000123	545100	 	11250		8	2017
103001502	94000083	S	11272.2		8	2017
141000403	501100	 	11303.16		8	2017
110770131	545100	 	11380.92		8	2017
130000127	94000103	S	11386.92		8	2017
101000102	506100	 	11391.72		8	2017
141200410	514100	 	11412.6		8	2017
153000704	94000183	S	11432.16		8	2017
133000204	94000023	S	11444.64		8	2017
153000703	94000001	S	11458.29		8	2017
166001308	94000011	S	11463.96		8	2017
166001201	541130	 	11466.12		8	2017
140000308	504100	 	11477.05		8	2017
133000207	545100	 	11500		8	2017
163000904	531800	 	11500		8	2017
152000803	543130	 	11500.12		8	2017
151000606	94000025	S	11516.04		8	2017
121000122	94000000	S	11593.56		8	2017
111000115	94000133	S	11607.36		8	2017
162000908	506100	 	11609.16		8	2017
153000702	94000133	S	11609.28		8	2017
110000109	528010	 	11620		8	2017
166001202	501100	 	11623.68		8	2017
166001203	501100	 	11623.68		8	2017
166001204	501100	 	11623.68		8	2017
110770131	502200	 	11637.67		8	2017
140000302	94000011	S	11647.44		8	2017
168001303	525120	 	11670		8	2017
190000104	514100	 	11674.2		8	2017
120000120	94000011	S	11683.32		8	2017
140000302	571140	 	11696.1		8	2017
133000207	94000003	S	11700		8	2017
150000502	94000000	S	11712		8	2017
137000220	94000033	S	11714.04		8	2017
161001003	515100	 	11736.84		8	2017
151000604	571132	 	11773.07		8	2017
153000703	515100	 	11773.32		8	2017
141500408	94000002	S	11785.8		8	2017
125000108	503200	 	11792.4		8	2017
162000906	94000005	S	11798.85		8	2017
137000221	94000025	S	11820		8	2017
141500408	511100	 	11820.12		8	2017
168001301	541130	 	11825.04		8	2017
137000220	94000183	S	11832		8	2017
141800404	94000083	S	11840.64		8	2017
141000401	94000002	S	11856.84		8	2017
133000207	504100	 	11882.77		8	2017
140000304	514100	 	11937.24		8	2017
166001205	94000001	S	11941.65		8	2017
151000603	94000002	S	11944.56		8	2017
137000221	543130	 	11987.69		8	2017
137000220	542100	 	12003.83		8	2017
141700405	504100	 	12043.8		8	2017
150000506	94000002	S	12043.8		8	2017
150000503	94000103	S	12051.36		8	2017
150001005	571140	 	12084.95		8	2017
168001302	94000011	S	12088.32		8	2017
137000220	571130	 	12107.84		8	2017
113000114	506100	 	12145.56		8	2017
141000403	503200	 	12184.82		8	2017
133000201	94000033	S	12196.56		8	2017
141600406	94000083	S	12224.52		8	2017
140000308	515100	 	12234.27		8	2017
163001001	94000063	S	12243.72		8	2017
166001202	94000015	S	12247.2		8	2017
166001203	94000015	S	12247.2		8	2017
166001204	94000015	S	12247.2		8	2017
166001206	94000015	S	12247.2		8	2017
166001308	94000015	S	12247.2		8	2017
161000901	94000001	S	12248.37		8	2017
150000508	515100	 	12249		8	2017
102000118	506100	 	12260.28		8	2017
141000402	94000015	S	12274.08		8	2017
150000511	94000015	S	12295.2		8	2017
133000206	94000133	S	12332.76		8	2017
151000603	94000133	S	12332.76		8	2017
141800404	571140	 	12387.55		8	2017
104000105	94000005	S	12389.4		8	2017
133000204	94000143	S	12399.96		8	2017
150000502	94000025	S	12399.96		8	2017
168001303	94000065	S	12425.64		8	2017
110990133	506100	 	12432.84		8	2017
168001301	509100	 	12447.48		8	2017
137000221	94000083	S	12453.12		8	2017
190400413	543190	 	12459.86		8	2017
123000128	94000000	S	12467.88		8	2017
123000128	523700	 	12500		8	2017
141000401	503900	 	12500		8	2017
152000802	545100	 	12500		8	2017
166001103	581114	S	12500		8	2017
110990133	529100	 	12513.45		8	2017
111000115	514100	 	12515.16		8	2017
110000123	94000065	S	12522		8	2017
166001206	94000173	S	12536.16		8	2017
141800404	94000133	S	12539.04		8	2017
166001206	94000001	S	12555.69		8	2017
125000108	94000011	S	12623.52		8	2017
150000504	506100	 	12664.19		8	2017
110000109	94000065	S	12669		8	2017
153000704	94000103	S	12688.2		8	2017
133000201	94000063	S	12690		8	2017
151000604	94000033	S	12694.08		8	2017
110660130	506100	 	12700.8		8	2017
151000603	505100	 	12734.28		8	2017
121000121	94000001	S	12735.09		8	2017
151000604	514100	 	12740.76		8	2017
133000204	542900	 	12750		8	2017
168001303	94000003	S	12750		8	2017
110880132	94000002	S	12754.56		8	2017
150000502	94000033	S	12784.68		8	2017
163001001	94000103	S	12801.48		8	2017
102000118	94000011	S	12804.12		8	2017
102000118	543170	 	12814.11		8	2017
151000606	94000015	S	12821.28		8	2017
151000605	509100	 	12831.3		8	2017
141600406	571131	 	12863.77		8	2017
190600903	504100	 	12908.76		8	2017
161001207	94000001	S	12941.37		8	2017
110880132	504100	 	12944.28		8	2017
141600406	515100	 	12954.29		8	2017
101000102	504100	 	12979.92		8	2017
162000906	94000011	S	12984.12		8	2017
140000302	543165	 	13000		8	2017
150000504	501901	 	13000		8	2017
140000307	514100	 	13031.52		8	2017
156001307	506100	 	13043.16		8	2017
103001502	544112	 	13070		8	2017
110880132	514100	 	13132.43		8	2017
110000109	541160	 	13160		8	2017
113000114	504100	 	13170.25		8	2017
133000203	571122	 	13204.36		8	2017
141000401	515100	 	13210.68		8	2017
151000608	94000002	S	13226.28		8	2017
152000802	515100	 	13252.82		8	2017
111000116	504110	 	13256.04		8	2017
162000906	529100	 	13293.98		8	2017
130000127	502200	 	13336.48		8	2017
150000510	94000083	S	13355.64		8	2017
141000401	94000173	S	13361.04		8	2017
141800404	529100	 	13361.54		8	2017
141200410	506100	 	13375.68		8	2017
151000605	94000000	S	13407.12		8	2017
120000120	94000003	S	13409.28		8	2017
110660130	94000003	S	13429.92		8	2017
104000105	502200	 	13433.69		8	2017
190400413	502200	 	13435.69		8	2017
110990133	94000015	S	13440		8	2017
137000220	502200	 	13441.83		8	2017
163001001	94000000	S	13511.4		8	2017
110000124	545100	 	13540		8	2017
101000102	515100	 	13550.49		8	2017
152000801	514100	 	13574.28		8	2017
151000603	94000001	S	13574.61		8	2017
166001103	94000063	S	13579.08		8	2017
153000701	94000001	S	13602.33		8	2017
150000508	504100	 	13635.48		8	2017
190600903	94000173	S	13635.84		8	2017
166001103	514100	 	13679.88		8	2017
190000104	506100	 	13681.92		8	2017
151000601	94000001	S	13704.81		8	2017
161001207	504100	 	13727.28		8	2017
150000508	94000001	S	13771.29		8	2017
190000104	94000133	S	13783.68		8	2017
162000908	515100	 	13809		8	2017
137000221	94000065	S	13875		8	2017
162000907	571132	 	13882.41		8	2017
102000103	543190	 	13887.5		8	2017
151000605	527130	 	13890		8	2017
162000908	94000002	S	13890.48		8	2017
151000604	545100	 	13913.12		8	2017
140000304	504100	 	13914.96		8	2017
150001005	94000063	S	13915.92		8	2017
151000608	503200	 	13916.92		8	2017
166001206	501100	 	13979.64		8	2017
150000506	514100	 	13989.24		8	2017
140000304	506100	 	13990.2		8	2017
130000127	94000011	S	13996.32		8	2017
137000219	525120	 	14000		8	2017
140000301	528010	 	14000		8	2017
140000307	542900	 	14000		8	2017
152000801	541160	 	14000		8	2017
161000902	94000005	S	14000.28		8	2017
161000215	511100	 	14010.72		8	2017
166001204	571132	 	14047.6		8	2017
162000909	504100	 	14054.17		8	2017
140000303	94000133	S	14062.68		8	2017
161001207	514100	 	14080.8		8	2017
141000401	543190	 	14087.55		8	2017
141800404	543180	 	14096.93		8	2017
133000207	514100	 	14102.64		8	2017
156000208	94000011	S	14115.96		8	2017
151000606	504100	 	14149.56		8	2017
150000504	504100	 	14164.68		8	2017
141300409	504100	 	14176.32		8	2017
190001507	511100	 	14203.1		8	2017
151000608	511100	 	14211.72		8	2017
151000604	543165	 	14237.9		8	2017
168001302	571123	 	14293.6		8	2017
152000802	94000001	S	14300.37		8	2017
150001005	94000033	S	14331.72		8	2017
153000702	94000011	S	14339.16		8	2017
162000909	94000001	S	14385.21		8	2017
166001308	94000000	S	14396.16		8	2017
150000502	525500	 	14414.88		8	2017
161000901	504100	 	14435.04		8	2017
113000114	515100	 	14447.16		8	2017
137000219	541130	 	14476.52		8	2017
140000304	542900	 	14500		8	2017
161000902	94000011	S	14500.92		8	2017
110000124	94000103	S	14504.76		8	2017
166001204	571131	 	14554.33		8	2017
110990133	94000001	S	14583.45		8	2017
102000118	515100	 	14583.48		8	2017
140000302	94000133	S	14613.48		8	2017
141400407	543150	 	14620		8	2017
140000306	94000183	S	14651.04		8	2017
111000115	506100	 	14667.48		8	2017
140000303	94000005	S	14726.52		8	2017
121000122	502200	 	14731.73		8	2017
161001003	94000002	S	14745.96		8	2017
140000306	94000011	S	14764.92		8	2017
103001502	94000025	S	14767.68		8	2017
141300409	514100	 	14788.68		8	2017
110990133	515100	 	14788.92		8	2017
140000303	545100	 	14800		8	2017
141300409	543170	 	14826.4		8	2017
151000602	504110	 	14862.24		8	2017
161001003	504100	 	14866.44		8	2017
133000203	94000133	S	14892.12		8	2017
153000704	514100	 	14905.44		8	2017
140000309	94000001	S	14908.05		8	2017
140000305	94000011	S	14909.76		8	2017
140000303	94000011	S	14920.08		8	2017
140000303	94000023	S	14929.08		8	2017
151000604	506100	 	14931.16		8	2017
162000909	514100	 	14931.36		8	2017
166001103	504100	 	14956.68		8	2017
156001401	571131	 	14996.72		8	2017
121201606	531800	 	15000		8	2017
137000221	523500	 	15000		8	2017
140000305	531800	 	15000		8	2017
140000305	543165	 	15000		8	2017
141200410	526100	 	15000		8	2017
168001303	524190	 	15000		8	2017
110660130	94000001	S	15054.81		8	2017
150000504	515100	 	15064.09		8	2017
133000206	94000083	S	15075.36		8	2017
120000120	94000103	S	15085.2		8	2017
110660130	515100	 	15107.44		8	2017
110770131	94000001	S	15129.57		8	2017
110880132	94000001	S	15132.33		8	2017
140000305	94000133	S	15157.92		8	2017
168001302	543180	 	15165.28		8	2017
141500408	505100	 	15174.56		8	2017
168001303	514100	 	15176.76		8	2017
150000504	94000133	S	15240.96		8	2017
151000606	514100	 	15265.8		8	2017
140000307	506100	 	15272.52		8	2017
140000307	504100	 	15279.62		8	2017
140000310	514100	 	15370.44		8	2017
110880132	506100	 	15390.72		8	2017
140000310	94000023	S	15396		8	2017
101000102	94000083	S	15399.36		8	2017
153000701	94000011	S	15419.4		8	2017
161001003	94000001	S	15475.17		8	2017
166001206	94000055	S	15500.04		8	2017
156001307	515100	 	15514.8		8	2017
162000906	94000001	S	15542.85		8	2017
123000128	94000003	S	15627.84		8	2017
141200410	571140	 	15638		8	2017
140000302	94000183	S	15656.64		8	2017
141500408	94000023	S	15689.76		8	2017
168001303	94000023	S	15702.84		8	2017
140000302	525500	 	15761.12		8	2017
113000114	571100	 	15803.64		8	2017
151000604	504100	 	15803.76		8	2017
161001003	502200	 	15815.16		8	2017
141000402	511100	 	15834.12		8	2017
166001202	94000001	S	15873.21		8	2017
151000602	94000063	S	15907.32		8	2017
152000801	506100	 	15908.52		8	2017
141200410	515100	 	15911.15		8	2017
123000128	581114	S	16000		8	2017
137000219	523700	 	16000		8	2017
140000302	545100	 	16000		8	2017
141200410	544112	 	16000		8	2017
141700405	523500	 	16000		8	2017
150000504	529120	 	16000		8	2017
140000310	571140	 	16044.98		8	2017
141000402	503200	 	16065.48		8	2017
140000304	545100	 	16100		8	2017
152000803	514100	 	16101.36		8	2017
166001103	506100	 	16152.64		8	2017
101000102	541130	 	16161		8	2017
141600406	94000033	S	16169.28		8	2017
110660130	543190	 	16200		8	2017
153000702	94000001	S	16258.89		8	2017
190000104	515100	 	16274.52		8	2017
190000104	504100	 	16290.6		8	2017
133000203	545100	 	16300		8	2017
166000112	502200	 	16364.3		8	2017
133000203	503200	 	16366.69		8	2017
133000204	94000103	S	16374.12		8	2017
150000506	506100	 	16395.26		8	2017
133000205	529100	 	16395.9		8	2017
125000108	94000002	S	16398.12		8	2017
123000128	529100	 	16407.71		8	2017
151000606	94000001	S	16468.27		8	2017
162000907	94000033	S	16478.04		8	2017
161001207	506100	 	16502.31		8	2017
133000207	506100	 	16527.96		8	2017
141300409	94000003	S	16543.44		8	2017
161000901	94000005	S	16554.89		8	2017
140000304	515100	 	16641.09		8	2017
133000202	94000002	S	16649.4		8	2017
161000901	514100	 	16751.16		8	2017
156001402	94000173	S	16762.56		8	2017
104000105	94000183	S	16816.68		8	2017
153000701	504100	 	16818.36		8	2017
140000307	543120	 	16819.96		8	2017
140000304	94000083	S	16831.56		8	2017
156001307	529100	 	16839.04		8	2017
151000608	504100	 	16859.28		8	2017
150000511	94000001	S	16913.97		8	2017
141800404	543120	 	16930.41		8	2017
161001003	94000015	S	16941.96		8	2017
163001001	94000083	S	16945.44		8	2017
133000203	521110	 	17000		8	2017
150000506	504100	 	17002.81		8	2017
150000506	94000001	S	17008.17		8	2017
156001402	502200	 	17012.78		8	2017
133000205	94000033	S	17015.76		8	2017
166001203	94000001	S	17048.01		8	2017
152000801	504100	 	17063.64		8	2017
110770131	94000173	S	17064.84		8	2017
123000128	502200	 	17086.93		8	2017
140000301	543190	 	17100		8	2017
168001302	94000001	S	17135.13		8	2017
140000310	94000133	S	17187.36		8	2017
103001501	94000103	S	17196.12		8	2017
166001201	514100	 	17224.32		8	2017
156001307	504100	 	17245.08		8	2017
141000402	94000001	S	17245.17		8	2017
141300409	506100	 	17331.84		8	2017
168001303	541160	 	17371.16		8	2017
153000701	514100	 	17373.24		8	2017
163000904	94000005	S	17373.7		8	2017
141500408	94000153	S	17390.04		8	2017
162000906	94000133	S	17410.92		8	2017
111000115	515100	 	17446.92		8	2017
153000704	506100	 	17469.12		8	2017
150000501	94000103	S	17478.36		8	2017
162000909	506100	 	17499.12		8	2017
133000203	524140	 	17500		8	2017
133000203	524150	 	17500		8	2017
152000802	544200	 	17500		8	2017
110660130	94000015	S	17640		8	2017
103001502	542900	 	17675		8	2017
190000104	94000001	S	17688.62		8	2017
141800404	543190	 	17696.35		8	2017
110000109	528000	 	17730		8	2017
150000507	503200	 	17752.56		8	2017
151000604	515100	 	17758.8		8	2017
141400407	94000133	S	17767.8		8	2017
168001301	543160	 	17775		8	2017
153000702	504100	 	17794.32		8	2017
133000203	94000000	S	17799.96		8	2017
151000601	503200	 	17815.67		8	2017
156001401	94000001	S	17840.25		8	2017
151000606	94000011	S	17886.36		8	2017
151000606	506100	 	17892.54		8	2017
151000604	94000103	S	17898.96		8	2017
141600406	528000	 	17902.55		8	2017
102000103	541130	 	17927.5		8	2017
111000115	94000103	S	17957.76		8	2017
141000401	94000015	S	17958.84		8	2017
161000215	505100	 	17987.1		8	2017
150000506	503200	 	17987.78		8	2017
140000310	94000011	S	17991.48		8	2017
140000305	545100	 	18000		8	2017
140000307	531800	 	18000		8	2017
140000307	545100	 	18000		8	2017
166001201	504100	 	18006.86		8	2017
150001005	541130	 	18008.24		8	2017
140000310	506100	 	18014.16		8	2017
111000116	94000011	S	18031.98		8	2017
153000704	504100	 	18104.04		8	2017
156001401	94000011	S	18111.7		8	2017
151000606	94000103	S	18127.68		8	2017
170001208	94000133	S	18136.44		8	2017
125000108	514100	 	18144.36		8	2017
140000307	515100	 	18166.53		8	2017
110990133	543190	 	18181.66		8	2017
140000306	511100	 	18186.72		8	2017
137000220	94000143	S	18199.92		8	2017
110990133	531800	 	18200		8	2017
101000102	94000002	S	18220.8		8	2017
152000801	94000023	S	18228.48		8	2017
137000220	94000011	S	18229.08		8	2017
153000702	514100	 	18230.52		8	2017
190001507	505100	 	18234.11		8	2017
110880132	515100	 	18307.2		8	2017
161000901	94000133	S	18348.96		8	2017
152000801	94000000	S	18352.8		8	2017
150000504	531800	 	18360		8	2017
113000114	94000103	S	18417.72		8	2017
103001502	94000011	S	18431.16		8	2017
161000902	504100	 	18454.32		8	2017
156001307	94000002	S	18459.36		8	2017
123000128	94000055	S	18499.92		8	2017
111000116	523500	 	18500		8	2017
168001303	506100	 	18593.41		8	2017
121000121	94000000	S	18611.4		8	2017
150000507	94000002	S	18693.72		8	2017
140000307	94000083	S	18749.4		8	2017
111000116	543190	 	18795.9		8	2017
156000208	514100	 	18817.35		8	2017
103001501	94000011	S	18824.04		8	2017
153000704	94000133	S	18865.2		8	2017
152000803	506100	 	18870.48		8	2017
161000902	514100	 	18905.88		8	2017
190000113	502200	 	18921.81		8	2017
152000801	515100	 	18923.16		8	2017
151000604	543180	 	18983.86		8	2017
133000201	541160	 	18985.52		8	2017
137000220	94000000	S	19011.72		8	2017
161001207	94000005	S	19012.69		8	2017
166001103	515100	 	19070.76		8	2017
110880132	94000015	S	19080		8	2017
140000306	94000015	S	19097.76		8	2017
110000109	514100	 	19098.41		8	2017
123000128	543180	 	19172.76		8	2017
123000128	571100	 	19173.45		8	2017
170001102	544112	 	19190		8	2017
102000118	94000083	S	19258.56		8	2017
140000305	94000183	S	19320.72		8	2017
140000308	94000183	S	19441.32		8	2017
140000303	94000183	S	19461.84		8	2017
110990133	503200	 	19468.39		8	2017
156001307	94000001	S	19490.37		8	2017
150000506	515100	 	19501.81		8	2017
137000220	94000001	S	19505.85		8	2017
140000305	94000005	S	19542.08		8	2017
161001207	515100	 	19629.48		8	2017
161000901	506100	 	19631.88		8	2017
133000207	515100	 	19659.96		8	2017
137000221	571100	 	19685.3		8	2017
153000703	529100	 	19692.81		8	2017
152000803	504100	 	19699.08		8	2017
166000112	543180	 	19851.88		8	2017
166001103	94000003	S	19920.36		8	2017
168001302	94000143	S	19922.52		8	2017
150000511	506100	 	19977.85		8	2017
110000119	529100	 	20000		8	2017
110200126	525110	 	20000		8	2017
123000128	581115	S	20000		8	2017
140000306	527110	 	20000		8	2017
140000310	543180	 	20000		8	2017
141200410	542100	 	20000		8	2017
141700405	525500	 	20000		8	2017
150000502	533250	 	20000		8	2017
150001005	501900	 	20000		8	2017
150001005	531801	 	20000		8	2017
166001103	544119	 	20000		8	2017
190001507	524120	 	20000		8	2017
190001507	543180	 	20000		8	2017
141000403	94000003	S	20000.04		8	2017
141500408	502200	 	20008.89		8	2017
140000302	511100	 	20184.96		8	2017
166001201	506100	 	20186.04		8	2017
168001303	504100	 	20285.29		8	2017
141000402	505100	 	20328.12		8	2017
151000606	94000133	S	20331.84		8	2017
166001205	501200	 	20334.09		8	2017
153000701	506100	 	20360.88		8	2017
166001202	524140	 	20384.1		8	2017
140000309	511100	 	20407.2		8	2017
161001207	543151	 	20469.9		8	2017
110000109	541130	 	20500		8	2017
151000602	523800	 	20500		8	2017
133000203	94000011	S	20505.24		8	2017
150000503	94000173	S	20532.48		8	2017
137000219	571100	 	20584.95		8	2017
141300409	515100	 	20616.12		8	2017
141400407	514100	 	20675.16		8	2017
121000121	541130	 	20675.49		8	2017
190000414	511100	 	20771.04		8	2017
153000704	515100	 	20779.11		8	2017
161000215	94000173	S	20782.92		8	2017
162000909	515100	 	20814.96		8	2017
113000114	94000011	S	20819.76		8	2017
137000219	94000005	H	20887.68		8	2017
111000116	94000023	S	20928.36		8	2017
140000306	531800	 	21000		8	2017
102000103	94000063	S	21061.44		8	2017
190400413	529100	 	21110.14		8	2017
141400407	94000011	S	21129.24		8	2017
141200410	543190	 	21134.48		8	2017
156001402	94000001	S	21144.21		8	2017
168001303	515100	 	21157.2		8	2017
110770131	531800	 	21170		8	2017
137000221	543190	 	21197.2		8	2017
103001501	514100	 	21205.08		8	2017
101000102	544112	 	21210		8	2017
103001502	94000133	S	21237.96		8	2017
125000108	506100	 	21264.72		8	2017
140000302	94000001	S	21279.69		8	2017
151000606	515100	 	21286.22		8	2017
141600406	543160	 	21286.36		8	2017
156000208	94000001	S	21300.33		8	2017
166001201	94000005	S	21331.56		8	2017
166001201	571140	 	21337.18		8	2017
150000507	514100	 	21338.4		8	2017
162000906	504100	 	21352.45		8	2017
153000702	506100	 	21365.64		8	2017
141500408	94000015	S	21416.52		8	2017
140000310	515100	 	21429.47		8	2017
166001202	503200	 	21448.2		8	2017
166001203	503200	 	21448.2		8	2017
166001204	503200	 	21448.2		8	2017
141500408	94000005	S	21454		8	2017
156000208	94000015	S	21480		8	2017
133000203	571110	 	21569.73		8	2017
110880132	503200	 	21586.87		8	2017
141600406	543151	 	21615.29		8	2017
137000220	94000023	S	21621.36		8	2017
103001501	541130	 	21698		8	2017
140000301	94000083	S	21709.56		8	2017
110000123	94000015	S	21745.44		8	2017
104000105	531800	 	21800		8	2017
166000112	581112	S	21800		8	2017
152000803	94000033	S	21801.96		8	2017
162000909	94000002	S	21827.88		8	2017
162000908	94000015	S	21842.4		8	2017
190001507	94000002	S	21863.88		8	2017
151000601	94000002	S	21909.36		8	2017
151000608	94000183	S	21952.32		8	2017
162000907	571140	 	21989.09		8	2017
166001205	521130	 	22000		8	2017
161000902	94000002	S	22018.68		8	2017
141800404	94000001	S	22040.01		8	2017
156000208	506100	 	22053.24		8	2017
168001301	514100	 	22112.64		8	2017
150001005	543160	 	22116.16		8	2017
133000201	94000143	S	22140		8	2017
166001201	527130	 	22141.76		8	2017
161000902	506100	 	22157.14		8	2017
156000208	94000173	S	22178.28		8	2017
137000219	504110	 	22198.44		8	2017
123000128	581112	S	22200		8	2017
166000112	541160	 	22260		8	2017
120000120	502200	 	22309.32		8	2017
151000601	514100	 	22319.4		8	2017
110000123	502200	 	22319.72		8	2017
101000102	94000001	S	22343.61		8	2017
110000109	506100	 	22382.57		8	2017
190001507	581112	S	22412		8	2017
152000802	503200	 	22430.64		8	2017
133000204	94000063	S	22437.6		8	2017
166001103	509100	 	22440.38		8	2017
152000803	515100	 	22446.43		8	2017
114000107	94000133	S	22489.2		8	2017
137000219	571131	 	22525.18		8	2017
103001501	504100	 	22531.44		8	2017
150000503	94000002	S	22537.92		8	2017
140000302	94000015	S	22563.48		8	2017
133000202	514100	 	22579.56		8	2017
150001005	94000083	S	22579.68		8	2017
123000128	521120	 	22601.53		8	2017
125000108	504100	 	22614.12		8	2017
140000310	504100	 	22688.65		8	2017
162000906	514100	 	22750.2		8	2017
121000122	94000103	S	22753.08		8	2017
130000127	94000001	S	22758.77		8	2017
151000603	502200	 	22831.13		8	2017
151000602	94000083	S	22917.12		8	2017
110000123	511100	 	22937.76		8	2017
156001307	502200	 	22954.69		8	2017
151000602	94000003	S	22963.44		8	2017
111000116	544112	 	23000		8	2017
140000307	94000133	S	23067.48		8	2017
152000801	571122	 	23076.94		8	2017
133000203	505100	 	23089.72		8	2017
190001507	571100	 	23127.99		8	2017
150000508	94000002	S	23175.6		8	2017
166000112	501100	 	23183.04		8	2017
111000116	94000163	S	23199.96		8	2017
190000414	94000183	S	23220.96		8	2017
151000602	94000025	S	23244.48		8	2017
140000307	94000183	S	23252.88		8	2017
153000701	94000133	S	23288.88		8	2017
133000204	541160	 	23300		8	2017
140000306	505100	 	23348.73		8	2017
161000901	515100	 	23352.12		8	2017
161000215	503200	 	23398.44		8	2017
103001502	94000015	S	23400		8	2017
156001401	94000000	S	23475.96		8	2017
190000414	503200	 	23486.24		8	2017
133000204	94000033	S	23545.92		8	2017
150000507	94000173	S	23547.36		8	2017
103001501	543170	 	23586.8		8	2017
102000103	94000103	S	23682.72		8	2017
102000118	94000002	S	23686.08		8	2017
150000507	94000011	S	23702.96		8	2017
103001501	531200	 	23750		8	2017
156000208	94000133	S	23766.96		8	2017
111000116	94000033	S	23790		8	2017
156000208	504100	 	23794.32		8	2017
153000703	94000015	S	23880		8	2017
140000308	94000015	S	23899.56		8	2017
137000219	502200	 	23961.77		8	2017
166001201	515100	 	24011.64		8	2017
141000401	544112	 	24050		8	2017
168001303	524110	 	24050.92		8	2017
110770131	523500	 	24110		8	2017
133000202	94000011	S	24134.76		8	2017
190001507	571131	 	24179.12		8	2017
153000701	515100	 	24219.57		8	2017
141400407	506100	 	24230.28		8	2017
170001102	501100	 	24272.5		8	2017
150000508	94000173	S	24342.6		8	2017
166001308	94000001	S	24477.93		8	2017
110770131	543190	 	24502.8		8	2017
137000221	502200	 	24538.56		8	2017
168001302	511100	 	24544.32		8	2017
166001201	94000033	S	24585		8	2017
168001301	94000065	S	24636		8	2017
101000102	502200	 	24652.35		8	2017
141700405	571140	 	24658.61		8	2017
110770131	94000015	S	24720		8	2017
110000123	94000173	S	24833.64		8	2017
103001501	506100	 	24851.76		8	2017
113000114	94000133	S	24865.2		8	2017
166001206	94000133	S	24866.04		8	2017
140000308	94000001	S	24966.33		8	2017
168001301	524120	 	24969.92		8	2017
133000207	501200	 	24980.28		8	2017
166001308	94000002	S	24986.99		8	2017
150001005	521110	 	25000		8	2017
150001713	524120	 	25000		8	2017
153000702	501900	 	25000		8	2017
162000909	542100	 	25000		8	2017
150000507	506100	 	25007.31		8	2017
140000301	514100	 	25019.88		8	2017
133000206	94000103	S	25031.76		8	2017
166001103	94000005	S	25095.95		8	2017
151000604	543190	 	25250.39		8	2017
150000501	94000033	S	25263.72		8	2017
150000511	503200	 	25285.42		8	2017
125000108	515100	 	25294.32		8	2017
161000902	94000015	S	25297.44		8	2017
150000511	94000002	S	25307.76		8	2017
141800404	94000011	S	25365.36		8	2017
121000122	94000133	S	25391.88		8	2017
133000203	528010	 	25400		8	2017
150001005	533990	 	25400		8	2017
103001501	94000133	S	25403.76		8	2017
153000702	515100	 	25414.41		8	2017
190600903	94000015	S	25440		8	2017
190400412	503200	 	25447.82		8	2017
150001005	94000103	S	25509.12		8	2017
137000221	94000033	S	25512		8	2017
140000302	94000035	S	25585.8		8	2017
137000220	571131	 	25600.61		8	2017
140000307	94000011	S	25683.48		8	2017
162000908	502200	 	25691.09		8	2017
152000803	571132	 	25754.68		8	2017
140000304	543120	 	25819.96		8	2017
104000105	501100	 	25871.94		8	2017
140000302	505100	 	25913.88		8	2017
168001301	506100	 	25915.56		8	2017
166000112	94000001	S	25967.37		8	2017
150000502	94000083	S	25990.44		8	2017
110660130	503200	 	25990.71		8	2017
141700405	503900	 	26000		8	2017
161000901	94000002	S	26035.8		8	2017
166001204	94000001	S	26136.33		8	2017
151000601	506100	 	26157.96		8	2017
133000201	94000013	S	26190		8	2017
140000309	505100	 	26198.76		8	2017
156000208	515100	 	26232.36		8	2017
133000206	502200	 	26233.67		8	2017
150000504	94000011	S	26250		8	2017
141500408	94000001	S	26258.37		8	2017
133000202	501200	 	26268.4		8	2017
141300409	94000011	S	26284.44		8	2017
103001501	543190	 	26338		8	2017
161000902	515100	 	26355.72		8	2017
151000602	94000073	S	26361.6		8	2017
133000205	94000063	S	26365.56		8	2017
110000109	571140	 	26384.09		8	2017
133000202	506100	 	26462.64		8	2017
166001308	521120	 	26590.59		8	2017
137000221	94000133	S	26598.48		8	2017
110000109	515100	 	26623.85		8	2017
162000906	506100	 	26662.56		8	2017
190000414	505100	 	26666.04		8	2017
140000310	94000002	S	26668.08		8	2017
156001307	531800	 	26815		8	2017
168001301	525120	 	26830		8	2017
121000121	94000133	S	26843.16		8	2017
110880132	523500	 	26900		8	2017
152000801	94000013	S	26970		8	2017
152000801	545100	 	27000		8	2017
141400407	504100	 	27010.56		8	2017
152000801	94000011	S	27154.56		8	2017
150000503	514100	 	27172.32		8	2017
168001302	571132	 	27227.7		8	2017
162000909	502200	 	27385.34		8	2017
141800404	514100	 	27390		8	2017
110000109	504100	 	27427.8		8	2017
110770131	511100	 	27431.5		8	2017
150000511	94000083	S	27544.2		8	2017
190000104	94000015	S	27600		8	2017
166001201	94000065	S	27624.12		8	2017
153000704	94000011	S	27649.08		8	2017
153000703	94000002	S	27750.12		8	2017
166001206	502200	 	27837.7		8	2017
137000220	94000133	S	27969		8	2017
141400407	94000001	S	27979.41		8	2017
137000221	525100	 	28000		8	2017
190400413	503200	 	28040.84		8	2017
141000401	503200	 	28074.7		8	2017
163000904	94000011	S	28106.04		8	2017
168001301	504100	 	28123.68		8	2017
151000601	504100	 	28141.2		8	2017
151000606	94000183	S	28142.76		8	2017
111000116	94000063	S	28172.52		8	2017
141600406	543120	 	28207.95		8	2017
150000507	94000133	S	28292.76		8	2017
150000511	514100	 	28401.6		8	2017
152000802	94000133	S	28490.52		8	2017
140000304	94000011	S	28566.6		8	2017
150000507	504100	 	28620.97		8	2017
161001207	94000133	S	28704.84		8	2017
102000103	543170	 	28751.27		8	2017
141400407	515100	 	28821.93		8	2017
140000310	94000173	S	29120.16		8	2017
190001507	581115	S	29122		8	2017
190000104	94000002	S	29151.96		8	2017
133000205	94000000	S	29177.52		8	2017
137000221	571131	 	29223.48		8	2017
140000301	506100	 	29322.77		8	2017
114000107	94000103	S	29391.96		8	2017
151000603	94000183	S	29442.84		8	2017
110000123	505100	 	29447.4		8	2017
133000204	94000000	S	29452.68		8	2017
140000306	94000001	S	29454.57		8	2017
140000307	94000015	S	29486.64		8	2017
133000204	529100	 	29500		8	2017
103001501	515100	 	29561.04		8	2017
114000107	502200	 	29613.24		8	2017
156001401	94000133	S	29681.04		8	2017
151000601	94000183	S	29728.08		8	2017
141000403	94000133	S	29743.68		8	2017
150000507	515100	 	29746.68		8	2017
140000304	94000133	S	29760.36		8	2017
141000402	94000133	S	29773.44		8	2017
150000503	94000001	S	29774.85		8	2017
162000909	94000015	S	29798.04		8	2017
162000908	94000173	S	29845.56		8	2017
141500408	94000173	S	29891.52		8	2017
161001207	94000002	S	29900.76		8	2017
161000901	94000015	S	29913.12		8	2017
111000116	541150	 	30000		8	2017
133000204	522100	 	30000		8	2017
156000208	523500	 	30000		8	2017
161001207	537900	 	30000		8	2017
166000112	524150	 	30000		8	2017
168001303	581113	S	30000		8	2017
166001201	94000023	S	30041.76		8	2017
133000205	94000001	S	30058.41		8	2017
150000501	94000173	S	30186.48		8	2017
190001507	581114	S	30188		8	2017
140000306	543160	 	30297.12		8	2017
110770131	503200	 	30329.27		8	2017
140000306	571140	 	30381.19		8	2017
140000302	94000002	S	30441.24		8	2017
140000303	511100	 	30534.36		8	2017
110000119	501200	 	30592.6		8	2017
133000206	94000011	S	30608.64		8	2017
141400407	543180	 	30704		8	2017
133000203	511100	 	30737.38		8	2017
150000504	94000015	S	30738		8	2017
150000508	94000015	S	30738		8	2017
133000201	94000103	S	30778.32		8	2017
141400407	501900	 	30805		8	2017
168001301	515100	 	30826.44		8	2017
104000105	503200	 	30998.01		8	2017
121000121	94000011	S	31038.96		8	2017
140000303	94000001	S	31063.41		8	2017
151000601	515100	 	31114.56		8	2017
121000121	571100	 	31173.24		8	2017
140000310	502200	 	31180.52		8	2017
151000602	509100	 	31292.37		8	2017
140000302	543180	 	31355.08		8	2017
133000202	515100	 	31477.08		8	2017
168001302	505100	 	31510.08		8	2017
140000304	94000183	S	31583.76		8	2017
150001708	529100	 	31585.96		8	2017
141200410	94000033	S	31666.56		8	2017
162000906	515100	 	31715.16		8	2017
141700405	94000033	S	31794		8	2017
150000503	506100	 	31844.76		8	2017
162000907	514100	 	31891.32		8	2017
141200410	542900	 	32040		8	2017
141800404	506100	 	32100.49		8	2017
140000301	504100	 	32138.41		8	2017
151000604	94000011	S	32150.64		8	2017
103001502	511100	 	32158.32		8	2017
133000207	94000001	S	32183.97		8	2017
140000303	543160	 	32260.84		8	2017
152000803	94000015	S	32280		8	2017
168001301	524150	 	32354.44		8	2017
103001502	94000001	S	32354.97		8	2017
141000401	94000001	S	32357.16		8	2017
125000108	94000173	S	32460.96		8	2017
141200410	94000015	S	32484.36		8	2017
140000305	94000002	S	32522.76		8	2017
137000220	94000103	S	32584.2		8	2017
101000102	94000015	S	32640		8	2017
162000907	504100	 	32664.01		8	2017
153000703	502200	 	32750.41		8	2017
111000115	94000015	S	32769.24		8	2017
140000305	94000015	S	32817.36		8	2017
140000301	543120	 	32819.96		8	2017
151000605	543190	 	32831.45		8	2017
151000603	501100	 	33124.08		8	2017
161001003	94000173	S	33153.96		8	2017
140000306	543180	 	33212.16		8	2017
153000703	94000173	S	33302.76		8	2017
156001401	514100	 	33383.75		8	2017
163000904	94000133	S	33435.48		8	2017
110000119	511100	 	33504.96		8	2017
103001501	94000002	S	33525.48		8	2017
156001401	545100	 	33550.69		8	2017
163001001	94000011	S	33837.6		8	2017
150000508	502200	 	33859.24		8	2017
137000220	523700	 	34000		8	2017
150000504	501900	 	34000		8	2017
151000604	94000015	S	34060.92		8	2017
168001302	94000002	S	34162.44		8	2017
141700405	511100	 	34188.45		8	2017
110000123	94000133	S	34215.36		8	2017
140000305	502200	 	34237.3		8	2017
150000501	94000083	S	34240.08		8	2017
140000306	94000035	S	34260.48		8	2017
111000116	94000183	S	34347		8	2017
161001207	94000015	S	34353.84		8	2017
140000306	94000002	S	34379.16		8	2017
123000128	571131	 	34379.63		8	2017
137000220	503200	 	34394.35		8	2017
190000414	94000005	S	34419.12		8	2017
133000203	523800	 	34500		8	2017
151000603	543190	 	34550.61		8	2017
130000127	503200	 	34587.19		8	2017
156001402	505100	 	34610.04		8	2017
133000202	504100	 	34630.33		8	2017
162000907	529100	 	34652.96		8	2017
150000510	94000011	S	34734.36		8	2017
140000301	515100	 	34880.04		8	2017
168001303	524150	 	34885.4		8	2017
163000904	94000002	S	34891.68		8	2017
121000121	94000103	S	34942.92		8	2017
190600903	511100	 	34944.36		8	2017
151000606	543160	 	34950.46		8	2017
125000108	94000001	S	34966.89		8	2017
103001502	501900	 	35000		8	2017
120000120	545200	 	35000		8	2017
133000203	544130	 	35000		8	2017
133000203	544131	 	35000		8	2017
150001716	531800	 	35000		8	2017
166001103	543130	 	35000		8	2017
156001401	504100	 	35013		8	2017
140000306	502200	 	35043.11		8	2017
102000103	94000011	S	35079.84		8	2017
166001201	94000103	S	35212.2		8	2017
110770131	505100	 	35216.76		8	2017
140000305	94000001	S	35268.69		8	2017
140000304	94000005	S	35437.8		8	2017
140000305	511100	 	35461.43		8	2017
130000127	94000133	S	35547.36		8	2017
123000128	94000011	S	35551.08		8	2017
156001401	521120	 	35805.11		8	2017
140000303	94000002	S	35842.68		8	2017
125000108	94000015	S	35880		8	2017
150001716	547400	 	35917.23		8	2017
140000306	543165	 	36000		8	2017
110990133	94000173	S	36101.04		8	2017
111000116	94000003	S	36169.08		8	2017
120000120	571100	 	36223.2		8	2017
137000220	571140	 	36258.34		8	2017
150000511	94000173	S	36288.96		8	2017
141200410	543160	 	36450		8	2017
102000118	502200	 	36450.11		8	2017
140000302	543160	 	36497.28		8	2017
140000303	94000015	S	36611.4		8	2017
156000208	94000002	S	36679.08		8	2017
166000112	94000015	S	36741.6		8	2017
113000114	94000025	S	36820.08		8	2017
150000511	504100	 	36863.77		8	2017
190000104	502200	 	36952.66		8	2017
123000128	544115	 	37000		8	2017
141700405	542900	 	37000		8	2017
152000803	525500	 	37000		8	2017
153000702	94000015	S	37200		8	2017
111000116	94000083	S	37267.92		8	2017
162000907	506100	 	37375.8		8	2017
130000127	94000002	S	37378.32		8	2017
161000902	94000001	S	37505.37		8	2017
162000906	94000002	S	37702.92		8	2017
111000115	502200	 	37715.41		8	2017
102000118	94000133	S	37723.8		8	2017
150000503	515100	 	37879.68		8	2017
150000503	504100	 	37906.8		8	2017
150001717	531800	 	38000		8	2017
161001003	511100	 	38089.16		8	2017
161001003	503200	 	38108.86		8	2017
137000219	527130	 	38153.82		8	2017
141800404	515100	 	38183.24		8	2017
153000703	511100	 	38208.12		8	2017
140000307	94000023	S	38263.68		8	2017
166001308	521130	 	38313.25		8	2017
121000122	503200	 	38323.14		8	2017
110000109	94000023	S	38469		8	2017
141700405	94000001	S	38498.25		8	2017
137000219	501900	 	38500		8	2017
151000604	94000183	S	38505.36		8	2017
137000221	541160	 	38510		8	2017
141200410	94000183	S	38694.96		8	2017
153000704	529100	 	38696.01		8	2017
190000113	527130	 	38700		8	2017
168001303	543180	 	38759.88		8	2017
140000303	525500	 	38791.72		8	2017
103001502	94000173	S	38794.56		8	2017
140000308	501200	 	38831.92		8	2017
110000109	525500	 	38870		8	2017
141200410	503900	 	39103		8	2017
156001401	506100	 	39124.92		8	2017
140000303	505100	 	39199.92		8	2017
140000303	571140	 	39254.72		8	2017
151000605	94000033	S	39431.04		8	2017
141500408	501100	 	39472.64		8	2017
152000803	543180	 	39557.28		8	2017
150000511	515100	 	39593.76		8	2017
190001507	94000011	S	39619.09		8	2017
140000308	511100	 	39704.16		8	2017
162000907	94000005	S	39743.13		8	2017
150000508	511100	 	39751.97		8	2017
111000116	543150	 	39950		8	2017
101000102	531800	 	40000		8	2017
168001302	531800	 	40000		8	2017
168001303	581115	S	40000		8	2017
190001507	502200	 	40025.81		8	2017
153000701	94000015	S	40080		8	2017
141700405	94000133	S	40121.16		8	2017
150000504	94000002	S	40230		8	2017
110000124	541120	 	40240		8	2017
103001502	502200	 	40276.29		8	2017
110000109	94000183	S	40311.84		8	2017
140000303	502200	 	40486.84		8	2017
103001501	94000173	S	40599.96		8	2017
168001301	94000003	S	40700.16		8	2017
110000124	94000000	S	40728.36		8	2017
113000114	94000001	S	40862.13		8	2017
110880132	531800	 	40880		8	2017
103001502	505100	 	41285.16		8	2017
156001402	503200	 	41397.18		8	2017
123000128	503200	 	41464.73		8	2017
150001005	94000001	S	41528.34		8	2017
140000307	94000005	S	41708.16		8	2017
168001302	502200	 	41768.72		8	2017
166000112	503200	 	41974.6		8	2017
156001307	94000173	S	41997.36		8	2017
190000113	529100	 	42000		8	2017
150000507	94000015	S	42018		8	2017
102000118	94000001	S	42025.77		8	2017
141600406	511100	 	42040.37		8	2017
152000801	571132	 	42132.21		8	2017
150000510	94000015	S	42165.6		8	2017
141700405	94000015	S	42176.52		8	2017
151000604	94000001	S	42203.49		8	2017
141200410	94000001	S	42225.33		8	2017
103001501	94000005	S	42290.98		8	2017
110000124	502200	 	42420.18		8	2017
114000107	94000002	S	42665.28		8	2017
168001303	524120	 	42730.08		8	2017
141800404	504100	 	42771.72		8	2017
140000301	94000005	S	42806.76		8	2017
141000401	511100	 	42873.04		8	2017
166000112	94000133	S	42935.28		8	2017
123000128	94000002	S	42999		8	2017
120201510	531500	 	43000		8	2017
152000802	511100	 	43009.82		8	2017
110000119	505100	 	43013.88		8	2017
137000219	522100	 	43056.75		8	2017
153000702	94000002	S	43146.24		8	2017
130000512	501200	 	43298.35		8	2017
137000219	543160	 	43457.36		8	2017
153000702	502200	 	43501.02		8	2017
166000112	543160	 	43553.92		8	2017
151000602	541130	 	43688.28		8	2017
150001005	94000003	S	43777.92		8	2017
141700405	505100	 	43891.34		8	2017
133000205	94000103	S	43892.16		8	2017
163000904	514100	 	43912.2		8	2017
101000102	511100	 	43974.99		8	2017
150000502	94000103	S	44034.84		8	2017
162000907	94000011	S	44306.52		8	2017
120000120	94000002	S	44391.48		8	2017
133000201	571132	 	44433.45		8	2017
162000907	515100	 	44458.44		8	2017
141200410	525500	 	44490		8	2017
140000305	94000023	S	44571		8	2017
153000704	94000001	S	44666.97		8	2017
162000908	511100	 	44814.12		8	2017
190600903	505100	 	44861.88		8	2017
168001303	94000103	S	44955.96		8	2017
110000109	543190	 	45000		8	2017
110770131	94000153	S	45000		8	2017
166001103	528000	 	45000		8	2017
168001303	544110	 	45000		8	2017
168001301	545100	 	45169.28		8	2017
163001001	94000005	S	45226.19		8	2017
151000608	505100	 	45293.4		8	2017
133000207	94000015	S	45480		8	2017
140000305	505100	 	45523.54		8	2017
113000114	94000002	S	45550.32		8	2017
166001201	94000013	S	45606.72		8	2017
166001103	94000000	S	45675.96		8	2017
110660130	94000173	S	45719.88		8	2017
133000207	543160	 	45800		8	2017
140000302	502200	 	45831.54		8	2017
110000124	525500	 	45900		8	2017
103001502	543160	 	45904		8	2017
163001001	94000001	S	45989.03		8	2017
111000116	546399	 	46000		8	2017
141300409	94000001	S	46007.62		8	2017
141500408	503200	 	46252.11		8	2017
190001507	571140	 	46382.59		8	2017
110200126	502200	 	46475.61		8	2017
156001401	515100	 	46538.88		8	2017
168001301	541160	 	46554.21		8	2017
150001005	94000011	S	46596.24		8	2017
190000104	94000183	S	46641.6		8	2017
103001501	94000001	S	46655.49		8	2017
161000215	501100	 	46788.77		8	2017
113000114	511100	 	46885.02		8	2017
162000909	94000173	S	46900.32		8	2017
141400407	502200	 	46977.5		8	2017
140000301	542900	 	47000		8	2017
133000201	94000025	S	47035.08		8	2017
140000310	94000001	S	47116.89		8	2017
111000116	509100	 	47202.09		8	2017
102000103	94000001	S	47313.69		8	2017
141200410	94000011	S	47326.4		8	2017
102000118	511100	 	47327.64		8	2017
190001507	501100	 	47431.1		8	2017
123000128	94000023	S	47447.16		8	2017
190000113	503200	 	47625.17		8	2017
141600406	571140	 	47678.81		8	2017
137000221	94000183	S	47858.04		8	2017
110990133	511100	 	47994.12		8	2017
151000606	94000173	S	48086.4		8	2017
103001502	94000002	S	48173.28		8	2017
152000801	543160	 	48200.04		8	2017
166001308	502200	 	48244.09		8	2017
140000306	529100	 	48580.32		8	2017
156000208	502200	 	48598.21		8	2017
130000127	514100	 	48645.48		8	2017
150000504	511100	 	48887.3		8	2017
140000307	94000002	S	48899.04		8	2017
161001003	505100	 	48899.14		8	2017
153000701	502200	 	48977.12		8	2017
101000102	94000173	S	49017.36		8	2017
110660130	511100	 	49028.04		8	2017
153000703	505100	 	49051.8		8	2017
166001204	571124	 	49196.34		8	2017
114000107	94000015	S	49200		8	2017
110000109	94000133	S	49251.48		8	2017
141700405	94000011	S	49475.1		8	2017
161000902	94000173	S	49505.28		8	2017
141800404	543151	 	49900		8	2017
103001501	529110	 	50000		8	2017
120000120	545100	 	50000		8	2017
140000302	527110	 	50000		8	2017
150000510	581100	S	50000		8	2017
150001005	524110	 	50000		8	2017
166001103	545100	 	50000		8	2017
153000701	94000002	S	50305.92		8	2017
156001307	511100	 	50349.94		8	2017
166001201	94000003	S	50476.32		8	2017
111000116	94000002	S	50753.48		8	2017
150000504	502200	 	50770.22		8	2017
140000308	505100	 	50972.52		8	2017
150000508	505100	 	51033.64		8	2017
153000702	94000173	S	51049.2		8	2017
140000305	525500	 	51217.2		8	2017
163000904	506100	 	51463.95		8	2017
152000801	94000002	S	51471.84		8	2017
141200410	528000	 	51510		8	2017
130000127	504100	 	51544.44		8	2017
141200410	511100	 	51634.42		8	2017
140000301	94000023	S	51831.72		8	2017
110000124	514100	 	51833.43		8	2017
123000128	581113	S	52000		8	2017
166001103	524150	 	52000		8	2017
133000201	94000011	S	52110.24		8	2017
123000128	514100	 	52111.8		8	2017
133000201	94000133	S	52164		8	2017
150000501	94000183	S	52296.24		8	2017
133000204	94000003	S	52534.92		8	2017
110660130	523500	 	52700		8	2017
161001207	502200	 	52750.42		8	2017
153000701	94000173	S	52765.08		8	2017
190000104	511100	 	52815.6		8	2017
137000221	527130	 	52837.62		8	2017
162000907	94000133	S	52852.2		8	2017
141000402	501100	 	52878.08		8	2017
102000103	94000133	S	52958.28		8	2017
137000220	94000002	S	53092.44		8	2017
123000128	529110	 	53175.9		8	2017
152000801	94000015	S	53400		8	2017
152000802	94000015	S	53400		8	2017
102000103	94000023	S	53530.08		8	2017
137000219	529100	 	53888.67		8	2017
133000206	94000002	S	53911.56		8	2017
133000206	514100	 	53913.96		8	2017
141600406	505100	 	53971.68		8	2017
152000801	531800	 	54000		8	2017
140000310	94000183	S	54000.96		8	2017
140000304	511100	 	54005.16		8	2017
103001501	502200	 	54113.72		8	2017
123000128	94000005	S	54222.6		8	2017
110000123	503200	 	54352.6		8	2017
163001001	514100	 	54380.29		8	2017
163000904	94000015	S	54396.36		8	2017
161000901	502200	 	54417.92		8	2017
133000205	94000133	S	54477.24		8	2017
190000104	94000173	S	54527.88		8	2017
161000902	502200	 	54598.8		8	2017
120000120	503200	 	54936.69		8	2017
162000906	502200	 	54995.65		8	2017
123001718	531800	 	55000		8	2017
166001103	526100	 	55000		8	2017
141000401	505100	 	55040.59		8	2017
151000605	94000001	S	55093.05		8	2017
102000103	94000025	S	55105.08		8	2017
152000803	523500	 	55199.92		8	2017
152000802	505100	 	55216.42		8	2017
151000606	545100	 	55300		8	2017
166001103	94000033	S	55581.12		8	2017
162000907	94000001	S	55632.2		8	2017
156001307	503200	 	55800.35		8	2017
152000803	94000011	S	55829.76		8	2017
152000801	94000143	S	55880.04		8	2017
156001401	94000002	S	55924.18		8	2017
140000306	94000033	S	55944.36		8	2017
166000112	524140	 	56000		8	2017
190400412	531200	 	56000		8	2017
140000309	501900	 	56400		8	2017
101000102	505100	 	56455.49		8	2017
111000115	511100	 	56620.13		8	2017
163000904	501200	 	56774.27		8	2017
141300409	543160	 	56818.51		8	2017
101000102	543170	 	56825		8	2017
141600406	94000133	S	56854.32		8	2017
166001103	524110	 	57000		8	2017
130000127	506100	 	57011.04		8	2017
166001103	94000103	S	57242.76		8	2017
151000603	503200	 	57322.56		8	2017
141800404	545200	 	57500		8	2017
162000908	505100	 	57532.74		8	2017
151000602	527130	 	57626.88		8	2017
151000604	511100	 	57630.08		8	2017
140000305	571140	 	57648.26		8	2017
137000219	94000000	S	57713.28		8	2017
137000221	522100	 	57734.25		8	2017
152000803	94000023	S	57998.52		8	2017
133000203	543151	 	58000		8	2017
168001303	94000011	S	58253.12		8	2017
125000108	501200	 	58275.97		8	2017
133000206	503200	 	58277.3		8	2017
150001713	571110	 	58344.7		8	2017
153000704	94000015	S	58440		8	2017
161000901	94000173	S	58537.44		8	2017
168001301	571123	 	58752.4		8	2017
101000102	503200	 	58783.96		8	2017
140000307	511100	 	58955.42		8	2017
141200410	94000023	S	58960.44		8	2017
150000510	531800	 	59000		8	2017
150000508	529100	 	59050		8	2017
151000606	94000002	S	59144.16		8	2017
110880132	511100	 	59412.04		8	2017
137000219	94000023	S	59491.44		8	2017
123000128	94000015	S	59520		8	2017
150000501	94000001	S	59524.65		8	2017
140000304	94000015	S	59603.28		8	2017
121000121	502200	 	59654.61		8	2017
140000307	94000035	S	59751.84		8	2017
110200126	504100	 	59957.41		8	2017
137000219	531400	 	60000		8	2017
150001005	524130	 	60000		8	2017
163000904	504100	 	60038.17		8	2017
190000104	501900	 	60050		8	2017
114000107	514100	 	60090.99		8	2017
113000114	505100	 	60191.28		8	2017
140000307	502200	 	60267.51		8	2017
166001203	523500	 	60285.6		8	2017
141600406	94000011	S	60303.96		8	2017
150000503	94000183	S	60346.8		8	2017
110200126	514100	 	60405.03		8	2017
162000908	503200	 	60437.5		8	2017
140000310	529100	 	60500		8	2017
103001501	94000015	S	60600		8	2017
140000304	94000001	S	60644.88		8	2017
140000306	501100	 	60735.38		8	2017
110000124	506100	 	60747.72		8	2017
102000118	505100	 	60759.6		8	2017
110200126	541120	 	61000		8	2017
110000124	504100	 	61059.37		8	2017
123000128	506100	 	61073.64		8	2017
137000219	503200	 	61148.39		8	2017
163000904	515100	 	61216.39		8	2017
141000403	501200	 	61268.26		8	2017
152000801	511100	 	61410.6		8	2017
150000510	94000173	S	61439.4		8	2017
137000221	94000023	S	61489.56		8	2017
166001204	94000000	S	61601.16		8	2017
110990133	505100	 	61615.18		8	2017
102000103	502200	 	61834.42		8	2017
166001103	511100	 	61890.06		8	2017
150000503	501200	 	62105.04		8	2017
103001501	549163	 	62300		8	2017
137000221	94000015	S	62400		8	2017
110200126	94000133	S	62458.44		8	2017
170001102	94000011	S	62673.4		8	2017
113000114	543150	 	62681		8	2017
150000504	505100	 	62761.91		8	2017
141400407	94000002	S	62801.88		8	2017
110660130	505100	 	62942.52		8	2017
123000128	504100	 	62945.18		8	2017
133000206	506100	 	63186		8	2017
150000506	511100	 	63289.34		8	2017
137000221	543180	 	63390		8	2017
110000124	94000133	S	63533.4		8	2017
151000604	94000133	S	63580.08		8	2017
102000103	94000003	S	63630.36		8	2017
161001207	511100	 	63703.44		8	2017
163001001	506100	 	63732.45		8	2017
133000207	511100	 	63802.2		8	2017
137000221	503200	 	63819.02		8	2017
140000304	94000023	S	63871.56		8	2017
150000501	523200	 	64000		8	2017
151000604	529100	 	64044.31		8	2017
150000510	94000133	S	64565.64		8	2017
114000107	504100	 	64638.96		8	2017
156001307	505100	 	64639.56		8	2017
133000205	94000011	S	64722.39		8	2017
110000109	502200	 	64853.86		8	2017
152000801	543180	 	64891.8		8	2017
110000123	529100	 	65000		8	2017
110000123	544121	 	65000		8	2017
166000112	521130	 	65000		8	2017
166001203	524140	 	65000		8	2017
140000302	529100	 	65079.24		8	2017
120000120	514100	 	65132.64		8	2017
162000906	94000015	S	65149.32		8	2017
133000206	94000001	S	65408.49		8	2017
150000501	94000011	S	65435.31		8	2017
161000901	537900	 	65500		8	2017
166001206	503200	 	65501.34		8	2017
150001005	94000133	S	65623.68		8	2017
163000904	94000173	S	65834.52		8	2017
151000602	94000000	S	65867.52		8	2017
140000306	501901	 	66000		8	2017
153000704	501900	 	66000		8	2017
141200410	505100	 	66289.07		8	2017
152000803	571140	 	66411.81		8	2017
166001202	521130	 	66415.9		8	2017
151000604	543160	 	66443.52		8	2017
150000503	94000015	S	66498		8	2017
110000109	94000015	S	66498.36		8	2017
140000305	543160	 	66673.64		8	2017
162000909	503200	 	66722.71		8	2017
152000801	94000001	S	66759.81		8	2017
166001201	94000143	S	66840.6		8	2017
141300409	511100	 	66905.36		8	2017
150000502	94000011	S	66999.24		8	2017
168001303	571140	 	67174.21		8	2017
161001207	94000173	S	67227.6		8	2017
140000302	501100	 	67407.25		8	2017
150000504	94000001	S	67411.17		8	2017
153000704	511100	 	67434.79		8	2017
121000122	94000002	S	67471.62		8	2017
140000304	94000002	S	67483.32		8	2017
162000909	511100	 	67550.47		8	2017
150000502	502200	 	67781.38		8	2017
190000104	505100	 	67805.11		8	2017
130000127	515100	 	67814.43		8	2017
120000120	504100	 	67851.13		8	2017
133000202	94000015	S	68040		8	2017
140000309	501100	 	68149.34		8	2017
140000308	94000133	S	68198.4		8	2017
140000307	94000001	S	68410.65		8	2017
140000310	94000015	S	68544.96		8	2017
168001303	511100	 	68661.36		8	2017
140000301	545100	 	68800		8	2017
152000801	523500	 	68800.04		8	2017
151000608	501200	 	69053.12		8	2017
151000606	511100	 	69083.66		8	2017
153000704	94000002	S	69212.07		8	2017
152000801	502200	 	69277.45		8	2017
140000304	505100	 	69331.89		8	2017
190000414	501100	 	69364.57		8	2017
151000602	94000023	S	69405.36		8	2017
163001001	504100	 	69406.09		8	2017
141300409	94000015	S	69536.52		8	2017
140000310	511100	 	69541.35		8	2017
137000220	94000015	S	69720		8	2017
168001301	543180	 	69917.09		8	2017
141300409	94000002	S	70070.88		8	2017
141800404	94000015	S	70108.32		8	2017
114000107	503200	 	70163.84		8	2017
141300409	94000083	S	70247.16		8	2017
114000107	506100	 	70425.12		8	2017
121000121	529100	 	70500		8	2017
103001502	94000005	S	70673.79		8	2017
110200126	506100	 	70793.17		8	2017
133000203	523500	 	70800		8	2017
168001303	524140	 	70857.2		8	2017
168001303	581112	S	70950		8	2017
140000302	529120	 	71000		8	2017
133000201	94000000	S	71029.44		8	2017
133000205	502200	 	71515.76		8	2017
150000510	514100	 	71840.28		8	2017
133000201	94000001	S	71893.77		8	2017
141600406	542900	 	72200		8	2017
141500408	94000183	S	72208.08		8	2017
110000124	515100	 	72259.1		8	2017
141800404	502200	 	72438.77		8	2017
151000604	501901	 	72500		8	2017
123000128	515100	 	72646.92		8	2017
111000115	505100	 	72689.43		8	2017
152000803	511100	 	72844.75		8	2017
141000402	94000173	S	73275.24		8	2017
133000206	504100	 	73814.52		8	2017
151000604	505100	 	73988.56		8	2017
120000120	94000173	S	74510.28		8	2017
168001303	94000013	S	74801.04		8	2017
141300409	94000023	S	74922.36		8	2017
123000128	94000173	S	74925		8	2017
190001507	544110	 	75000		8	2017
133000206	515100	 	75159.7		8	2017
140000310	503200	 	75180.43		8	2017
140000307	505100	 	75687.69		8	2017
166001202	523500	 	75765.6		8	2017
161000901	511100	 	75783.85		8	2017
163001001	515100	 	75809.58		8	2017
110880132	505100	 	76273.69		8	2017
120000120	506100	 	76333.66		8	2017
110000123	571132	 	76489.38		8	2017
170001102	521120	 	76598.4		8	2017
110000123	501100	 	76599.76		8	2017
141300409	544110	 	76760		8	2017
140000303	94000035	S	76760.64		8	2017
156001401	502200	 	77126.76		8	2017
133000202	94000001	S	77327.73		8	2017
190001507	581111	S	77347		8	2017
166001201	511100	 	77924.28		8	2017
141300409	545100	 	78097.46		8	2017
140000305	529100	 	78141.05		8	2017
140000305	94000035	S	78192.72		8	2017
150001005	502200	 	78439.47		8	2017
121000122	94000083	S	78560.04		8	2017
153000701	511100	 	78598.74		8	2017
123000128	571140	 	78624.61		8	2017
113000114	502200	 	78723.54		8	2017
152000801	505100	 	78839.4		8	2017
110000109	523500	 	79000		8	2017
150000507	94000001	S	79127.4		8	2017
163000904	94000001	S	79134.91		8	2017
150000510	94000001	S	79226.93		8	2017
113000114	94000015	S	79440		8	2017
150000510	502200	 	79455.54		8	2017
168001301	94000023	S	79603.92		8	2017
166001103	505100	 	79981.04		8	2017
110880132	529100	 	80275.23		8	2017
190001507	94000023	S	80356.32		8	2017
170001208	94000011	S	80513.68		8	2017
150000508	503200	 	80540.37		8	2017
141300409	501900	 	80800		8	2017
140000304	502200	 	81002.4		8	2017
162000906	94000173	S	81009.48		8	2017
141000402	501200	 	81081.5		8	2017
150000506	505100	 	81251.63		8	2017
137000219	525500	 	81332.49		8	2017
161001207	505100	 	81782.91		8	2017
140000303	543180	 	81900.6		8	2017
133000207	505100	 	81909.72		8	2017
133000203	501200	 	81921.17		8	2017
130000127	94000183	S	81928.44		8	2017
168001302	501100	 	81965.28		8	2017
125000108	511100	 	82087.22		8	2017
111000115	94000183	S	82229.04		8	2017
153000702	511100	 	82476.55		8	2017
166001204	523500	 	82570.6		8	2017
113000114	94000005	S	82675.83		8	2017
150000507	501200	 	82682.75		8	2017
101000102	543190	 	83106.31		8	2017
133000203	94000001	S	83446.29		8	2017
150000501	94000015	S	83575.2		8	2017
114000107	515100	 	83770.44		8	2017
168001303	94000173	S	83880.48		8	2017
140000306	529120	 	84000		8	2017
152000801	529100	 	84000		8	2017
110200126	515100	 	84208.32		8	2017
141800404	94000002	S	84229.2		8	2017
121000121	94000083	S	84380.04		8	2017
151000602	501901	 	85000		8	2017
156001402	501100	 	85001.33		8	2017
156000208	511100	 	85131.6		8	2017
153000704	502200	 	85319.73		8	2017
110880132	94000173	S	85335.36		8	2017
161000902	511100	 	85532.16		8	2017
140000307	543160	 	85571.44		8	2017
150000506	571100	 	85589.68		8	2017
151000604	501900	 	85850		8	2017
141300409	505100	 	85893.48		8	2017
133000206	94000173	S	85962		8	2017
166001103	531801	 	86000		8	2017
153000703	503200	 	86002.1		8	2017
168001302	94000173	S	86175.72		8	2017
110000109	511100	 	86402.33		8	2017
153000704	505100	 	86573.21		8	2017
150000510	506100	 	86706.67		8	2017
162000909	505100	 	86721.53		8	2017
123000128	94000183	S	86759.04		8	2017
103001502	529100	 	87071		8	2017
150000506	94000133	S	87136.56		8	2017
168001302	521110	 	87197.85		8	2017
151000605	94000103	S	87438.12		8	2017
121000122	94000173	S	87675.6		8	2017
166001308	529100	 	87725.3		8	2017
166001202	94000133	S	88075.08		8	2017
150000504	529100	 	88174.96		8	2017
140000305	503200	 	88258.97		8	2017
190000104	503200	 	88429.92		8	2017
110770131	529100	 	88518.54		8	2017
150000510	94000002	S	88638.48		8	2017
166001204	571110	 	88656.52		8	2017
153000704	94000173	S	88664.28		8	2017
151000606	505100	 	88685.74		8	2017
110200126	571100	 	88937.65		8	2017
150000510	504100	 	89104.83		8	2017
140000310	505100	 	89277.87		8	2017
150000510	501900	 	89500		8	2017
166001203	94000133	S	89576.04		8	2017
140000302	94000033	S	89919.96		8	2017
150001005	533110	 	90000		8	2017
166001103	543180	 	90000		8	2017
140000304	543160	 	90034.32		8	2017
137000220	514100	 	90069.6		8	2017
130000127	94000015	S	90360		8	2017
140000304	525500	 	90674.56		8	2017
120000120	515100	 	90798.78		8	2017
163001001	94000002	S	90826.67		8	2017
190001507	543130	 	91379		8	2017
141400407	529100	 	91435.12		8	2017
141300409	543151	 	91597.13		8	2017
110770131	501100	 	91607		8	2017
166001103	94000065	S	91662		8	2017
141400407	94000183	S	91674		8	2017
151000601	501200	 	91812.48		8	2017
168001303	505100	 	92115.74		8	2017
150000503	94000133	S	92133		8	2017
111000115	503200	 	92364.77		8	2017
168001303	94000000	S	92400		8	2017
137000219	94000013	S	92420.16		8	2017
137000221	529100	 	92425		8	2017
121000122	514100	 	92709.59		8	2017
140000306	503200	 	92834.46		8	2017
150000506	501200	 	92839		8	2017
140000301	94000183	S	93248.64		8	2017
102000118	503200	 	93272.95		8	2017
152000801	571140	 	93304.17		8	2017
152000803	505100	 	93518.47		8	2017
141400407	511100	 	93535.26		8	2017
140000307	543165	 	93750		8	2017
140000301	571140	 	93797.16		8	2017
151000601	94000133	S	94309.32		8	2017
168001301	524140	 	94476.72		8	2017
137000219	94000033	S	94480.2		8	2017
151000604	94000002	S	94485.36		8	2017
151000606	501900	 	94869		8	2017
151000606	502200	 	94988.89		8	2017
110000109	543110	 	95000		8	2017
140000301	94000011	S	95004.97		8	2017
110000124	94000173	S	95314.44		8	2017
166001201	94000011	S	95741.15		8	2017
103001501	511100	 	95933.89		8	2017
137000221	571140	 	95997.88		8	2017
101000102	529100	 	96020.59		8	2017
151000605	94000011	S	96264.36		8	2017
137000219	571140	 	96423.46		8	2017
150000507	511100	 	96535.26		8	2017
137000220	504100	 	96867.96		8	2017
190001507	503200	 	96995.82		8	2017
133000201	523500	 	97000		8	2017
168001301	94000103	S	97031.04		8	2017
133000201	94000083	S	97260		8	2017
161000901	505100	 	97291.89		8	2017
190001507	524150	 	97500		8	2017
141800404	94000183	S	97598.04		8	2017
141200410	94000133	S	97873.32		8	2017
113000114	94000173	S	98235.48		8	2017
102000103	94000002	S	98388.36		8	2017
111000116	541130	 	98500		8	2017
152000801	521110	 	98692.9		8	2017
110990133	501200	 	98753.96		8	2017
150000510	94000123	S	98769.96		8	2017
150000511	505100	 	98976.8		8	2017
166001201	94000055	S	99500.04		8	2017
133000201	502200	 	99845.56		8	2017
110000123	94000023	S	99952.08		8	2017
140000304	529120	 	100000		8	2017
150001005	524120	 	100000		8	2017
150001005	524150	 	100000		8	2017
152000802	531801	 	100000		8	2017
166001103	524190	 	100000		8	2017
168001301	544110	 	100000		8	2017
166001201	505100	 	100039.62		8	2017
168001301	511100	 	100039.92		8	2017
150000510	515100	 	100150.04		8	2017
133000201	543190	 	100200		8	2017
140000301	525500	 	100330.56		8	2017
111000116	94000000	S	100575		8	2017
103001502	503200	 	100653.12		8	2017
153000701	505100	 	100905.42		8	2017
151000601	511100	 	100975.34		8	2017
110660130	529100	 	101000		8	2017
166001103	94000023	S	101301.84		8	2017
141300409	528000	 	101597		8	2017
133000201	514100	 	101746.88		8	2017
103001501	544112	 	101798		8	2017
140000303	501100	 	101968.8		8	2017
150000501	533990	 	102000		8	2017
133000202	511100	 	102152.16		8	2017
137000221	94000013	S	102309.96		8	2017
152000803	529100	 	102500		8	2017
133000203	501100	 	102646.42		8	2017
162000906	511100	 	102924.48		8	2017
110000124	503200	 	102985.9		8	2017
150001708	531800	 	103000		8	2017
140000303	503200	 	103639.7		8	2017
151000602	514100	 	104264.76		8	2017
130000127	544111	 	104500		8	2017
140000301	94000133	S	104924.16		8	2017
137000219	543180	 	105125.85		8	2017
152000803	94000001	S	105265.05		8	2017
125000108	505100	 	105384.14		8	2017
150001005	514100	 	105425.16		8	2017
166001103	541160	 	105500		8	2017
153000702	505100	 	105884.16		8	2017
137000220	506100	 	106914.6		8	2017
150000506	545100	 	107000		8	2017
150001712	531800	 	107000		8	2017
110880132	501200	 	107243.69		8	2017
103001502	501100	 	107392.34		8	2017
137000219	94000001	S	107805.78		8	2017
151000605	529100	 	108041.48		8	2017
121000121	94000002	S	108309.6		8	2017
133000207	543140	 	108530.98		8	2017
121000122	506100	 	108653.04		8	2017
168001301	571140	 	108873.84		8	2017
166001204	501200	 	108933.36		8	2017
166001202	501200	 	108933.6		8	2017
166001203	501200	 	108933.6		8	2017
153000702	503200	 	108984.12		8	2017
151000605	94000015	S	109124.52		8	2017
156000208	505100	 	109292.52		8	2017
141300409	502200	 	109476.15		8	2017
161000902	505100	 	109806.73		8	2017
137000219	525100	 	110000		8	2017
166001103	542200	 	110000		8	2017
168001301	529100	 	110000		8	2017
137000221	525500	 	110200		8	2017
140000303	529100	 	110451.36		8	2017
137000219	94000103	S	110475.36		8	2017
166001103	94000143	S	110610		8	2017
110000109	505100	 	110924.14		8	2017
168001302	503200	 	111385.86		8	2017
152000802	501200	 	111508.2		8	2017
121000122	529110	 	111587.95		8	2017
110000119	501100	 	111889.18		8	2017
150000501	514100	 	112593.11		8	2017
151000602	543160	 	112600		8	2017
123000128	524190	 	113009.43		8	2017
140000301	511100	 	113194.34		8	2017
137000221	94000103	S	113363.4		8	2017
137000221	94000011	S	113399.64		8	2017
141200410	543151	 	113468		8	2017
141500408	529100	 	114067.63		8	2017
137000221	94000002	S	114072.71		8	2017
153000701	503200	 	114075.81		8	2017
141700405	501100	 	114171.69		8	2017
140000307	525500	 	114295.48		8	2017
110200126	503200	 	114345.41		8	2017
152000803	581115	S	114889.6		8	2017
170001102	523500	 	115000		8	2017
121000122	504100	 	115485.72		8	2017
133000201	94000015	S	115561.8		8	2017
121000121	514100	 	115637.76		8	2017
151000602	501900	 	116000		8	2017
168001301	571124	 	116312.94		8	2017
190600903	501100	 	116696.23		8	2017
102000103	529100	 	116812.31		8	2017
150000501	506100	 	116909.91		8	2017
141600406	94000002	S	117025.43		8	2017
166001103	94000013	S	117129.96		8	2017
123000128	545100	 	118000		8	2017
141400407	503200	 	118037.22		8	2017
140000302	503200	 	118238.98		8	2017
140000305	501100	 	118419.85		8	2017
156001401	94000173	S	118945.2		8	2017
151000602	543165	 	118956		8	2017
103001501	545100	 	118990		8	2017
133000201	506100	 	119244.57		8	2017
163001001	502200	 	119254.29		8	2017
166001308	503200	 	119306.84		8	2017
102000103	504100	 	119602.37		8	2017
120101604	559900	 	120000		8	2017
141400407	505100	 	120081.12		8	2017
114000107	94000183	S	120498.96		8	2017
110660130	531800	 	121000		8	2017
140000303	529120	 	121500		8	2017
141300409	543190	 	121656.78		8	2017
151000602	506100	 	122195.52		8	2017
110000109	543120	 	122200		8	2017
141200410	504100	 	122259.48		8	2017
156000208	503200	 	122730.33		8	2017
150000503	511100	 	122929.9		8	2017
103001501	505100	 	123160.68		8	2017
150001005	506100	 	123557.47		8	2017
123000128	94000001	S	123799.83		8	2017
168001303	94000015	S	123852		8	2017
141800404	511100	 	123915.6		8	2017
150000507	505100	 	123933.07		8	2017
168001302	94000133	S	123994.32		8	2017
133000205	94000083	S	124000.08		8	2017
161000215	501200	 	124054.97		8	2017
133000201	529100	 	124160		8	2017
168001302	94000183	S	124193.04		8	2017
150000504	94000173	S	124560.72		8	2017
140000301	94000015	S	124904.4		8	2017
170001102	529100	 	125019		8	2017
168001301	94000011	S	125448.1		8	2017
137000220	515100	 	125562.72		8	2017
150000511	501200	 	126760.09		8	2017
150000502	94000001	S	126828.63		8	2017
162000907	94000002	S	126998.78		8	2017
137000221	94000143	S	127100.04		8	2017
161001003	501100	 	127198.25		8	2017
103001501	503200	 	127435.87		8	2017
168001303	94000002	S	127557.94		8	2017
153000703	501100	 	127594.94		8	2017
190400412	94000183	S	127800		8	2017
161001207	503200	 	128007.39		8	2017
190000414	501200	 	128414.99		8	2017
168001301	505100	 	128432.04		8	2017
150000511	511100	 	128493.04		8	2017
110660130	501200	 	128706.77		8	2017
161000901	503200	 	128829.32		8	2017
168001301	94000015	S	129006		8	2017
133000207	542100	 	129200		8	2017
121000122	515100	 	129242.52		8	2017
161000902	503200	 	129557.48		8	2017
151000601	505100	 	129633.23		8	2017
150000504	503200	 	129715.33		8	2017
140000303	527110	 	130000		8	2017
166001203	521130	 	130000		8	2017
163001001	94000003	S	130165.32		8	2017
133000201	94000002	S	130280.52		8	2017
140000304	571140	 	130373.31		8	2017
166001204	529100	 	130374.96		8	2017
166001202	529100	 	130375.08		8	2017
166001203	529100	 	130375.08		8	2017
133000202	505100	 	131143.64		8	2017
162000906	503200	 	131835.31		8	2017
162000906	505100	 	132135.24		8	2017
110000124	571100	 	132214.74		8	2017
140000308	501100	 	132591.42		8	2017
150000508	501100	 	132750.51		8	2017
152000803	543160	 	132982.98		8	2017
140000304	531800	 	133000		8	2017
141000401	531800	 	133000		8	2017
133000201	504100	 	133272.02		8	2017
140000304	94000035	S	134541.48		8	2017
168001303	94000001	S	135102.33		8	2017
150000502	94000173	S	135260.52		8	2017
121000121	506100	 	135524.54		8	2017
110200126	543160	 	136000		8	2017
168001301	94000000	S	136200.12		8	2017
141600406	94000001	S	136447.41		8	2017
141000401	501200	 	136821.12		8	2017
151000604	502200	 	138236.88		8	2017
121000122	94000011	S	138249.19		8	2017
190400412	501200	 	138655.22		8	2017
166001201	94000015	S	138801.6		8	2017
151000605	514100	 	139887.36		8	2017
141600406	501100	 	140392.97		8	2017
150001005	504100	 	140466.63		8	2017
151000605	94000173	S	140774.28		8	2017
137000219	94000011	S	140796.71		8	2017
140000305	543180	 	141195.72		8	2017
141200410	94000002	S	141839.64		8	2017
133000201	515100	 	141841.01		8	2017
150000501	504100	 	142775.64		8	2017
110000109	543180	 	143000		8	2017
141000401	501100	 	143173.74		8	2017
140000301	94000001	S	143537.98		8	2017
152000802	501100	 	143631.22		8	2017
162000907	511100	 	144280.08		8	2017
111000116	523400	 	145100		8	2017
121000121	503200	 	145118.79		8	2017
140000301	505100	 	145321.21		8	2017
151000602	515100	 	145350.72		8	2017
110200126	94000173	S	145435.92		8	2017
168001301	521120	 	146146.51		8	2017
101000102	501100	 	146853.82		8	2017
152000803	94000002	S	146896.07		8	2017
150001005	515100	 	146969.03		8	2017
102000103	514100	 	147314.04		8	2017
121000121	504100	 	149417.56		8	2017
162000908	501100	 	149656.14		8	2017
150001005	94000002	S	149768.33		8	2017
111000116	503100	 	150000		8	2017
141000402	531500	 	150000		8	2017
156000208	531800	 	150000		8	2017
166001103	525500	 	150000		8	2017
110770131	501200	 	150472.88		8	2017
156001401	511100	 	151031.92		8	2017
140000307	503200	 	152318.41		8	2017
141200410	541130	 	154570.3		8	2017
150001005	571100	 	155347.26		8	2017
113000114	501100	 	156571.67		8	2017
166001201	571132	 	156802.42		8	2017
102000103	503200	 	156913.07		8	2017
150000501	515100	 	156961.32		8	2017
151000602	94000035	S	156999.96		8	2017
152000803	524120	 	157000		8	2017
150000503	505100	 	157818.45		8	2017
102000118	501100	 	158049.88		8	2017
141800404	505100	 	159083.72		8	2017
151000602	504100	 	159269.78		8	2017
156001401	94000015	S	159360		8	2017
140000307	543180	 	159551.08		8	2017
168001301	94000013	S	159758.64		8	2017
150001713	531800	 	160000		8	2017
110990133	501100	 	160275.6		8	2017
121000121	515100	 	161206.09		8	2017
111000116	94000173	S	161553.6		8	2017
156001401	531800	 	161761.88		8	2017
141400407	94000015	S	162176.52		8	2017
150000502	503200	 	163041.02		8	2017
150000504	501100	 	163258.04		8	2017
166001103	94000015	S	163296		8	2017
110660130	501100	 	163728.37		8	2017
152000803	524130	 	163751.96		8	2017
110000124	94000015	S	163760.76		8	2017
151000605	506100	 	163943.75		8	2017
110000109	503200	 	164263.72		8	2017
168001303	521120	 	165000		8	2017
110000109	545100	 	165400		8	2017
133000206	94000015	S	165407.16		8	2017
168001303	543190	 	166000		8	2017
163001001	94000015	S	166403.64		8	2017
141700405	94000002	S	167975.16		8	2017
156001307	501100	 	168142.66		8	2017
130000127	501200	 	168684		8	2017
110200126	543180	 	171450		8	2017
137000220	501200	 	171527.44		8	2017
101000102	94000005	S	172095.61		8	2017
150000502	94000002	S	172380.96		8	2017
141200410	501100	 	172433.08		8	2017
102000103	506100	 	172648.52		8	2017
141800404	503200	 	172986.07		8	2017
137000219	542100	 	173000		8	2017
190400413	501200	 	173447.29		8	2017
104000105	501200	 	173492.14		8	2017
137000221	514100	 	174083.64		8	2017
140000305	527110	 	175000		8	2017
151000605	504100	 	175333.99		8	2017
137000221	506100	 	175517		8	2017
141000401	529100	 	175762.02		8	2017
190000104	501100	 	176376.93		8	2017
133000205	503200	 	176663.43		8	2017
133000206	94000183	S	176947.08		8	2017
133000204	514100	 	177581.16		8	2017
120000120	529110	 	177850		8	2017
152000801	503200	 	178262.73		8	2017
166001201	94000002	S	178481.02		8	2017
166001103	528020	 	180000		8	2017
166001201	544119	 	180000		8	2017
140000304	501100	 	180348.85		8	2017
140000304	543180	 	182167.44		8	2017
150000502	533140	 	183400		8	2017
133000204	94000083	S	183472.44		8	2017
141600406	502200	 	183538.79		8	2017
151000602	571140	 	184971.49		8	2017
162000907	505100	 	185227.69		8	2017
150001005	94000015	S	185454		8	2017
130000127	544110	 	185500		8	2017
166001201	571124	 	185900.79		8	2017
113000114	503200	 	186321.03		8	2017
156001401	503200	 	187317.17		8	2017
170001208	543190	 	187959.03		8	2017
111000115	501100	 	189082.32		8	2017
102000118	94000015	S	189840		8	2017
150000502	94000183	S	189843.24		8	2017
150000510	94000183	S	189888.6		8	2017
161001003	501200	 	189927.34		8	2017
121000122	501200	 	190363.46		8	2017
103001501	531800	 	191500		8	2017
151000604	501100	 	192460		8	2017
156001401	505100	 	193895.77		8	2017
110200126	571140	 	193962.91		8	2017
151000605	515100	 	195010.03		8	2017
150000501	94000002	S	195187.52		8	2017
150001005	503200	 	195462.07		8	2017
140000304	529100	 	195738.88		8	2017
140000305	529120	 	196000		8	2017
150000502	514100	 	196269.58		8	2017
140000307	501100	 	196881.25		8	2017
133000204	502200	 	197508.83		8	2017
152000803	502200	 	197992.17		8	2017
150001713	521110	 	198200		8	2017
161000902	94000133	S	198333.36		8	2017
110880132	501100	 	198405.78		8	2017
163000904	511100	 	198664.17		8	2017
140000301	543160	 	198665.36		8	2017
121000121	94000173	S	199674.48		8	2017
168001301	94000055	S	199999.92		8	2017
150001005	524140	 	200000		8	2017
150000510	503200	 	200681.93		8	2017
137000221	504100	 	201402.85		8	2017
152000801	501100	 	205079.3		8	2017
102000103	515100	 	205364.86		8	2017
153000704	503200	 	205447.9		8	2017
166001103	501100	 	206681.03		8	2017
190001507	527130	 	207441		8	2017
166001201	94000173	S	207816.72		8	2017
151000608	501100	 	207848.76		8	2017
140000304	503200	 	207979.2		8	2017
133000204	506100	 	208120.47		8	2017
166000112	501200	 	209822.31		8	2017
150000506	501100	 	211354.31		8	2017
168001303	502200	 	211546.8		8	2017
137000219	94000143	S	212240.16		8	2017
156001402	501200	 	212421.8		8	2017
168001301	94000001	S	212576.53		8	2017
161001207	501100	 	212736.51		8	2017
133000207	501100	 	213066.48		8	2017
140000301	502200	 	213726.92		8	2017
137000219	94000015	S	213840		8	2017
140000301	543180	 	214617.92		8	2017
133000205	514100	 	214825.32		8	2017
166001201	524140	 	215000		8	2017
140000307	571140	 	215183.04		8	2017
141800404	94000173	S	216898.56		8	2017
190001507	94000001	S	217159.85		8	2017
123000128	501200	 	219014.64		8	2017
110000109	529100	 	219920		8	2017
170001102	94000001	S	219984.78		8	2017
130000127	511100	 	220076.94		8	2017
168001301	94000173	S	222327.96		8	2017
140000303	94000033	S	222418.56		8	2017
141300409	501100	 	223429.28		8	2017
111000116	94000133	S	224891.52		8	2017
151000606	503200	 	224951.85		8	2017
153000704	501100	 	225197.03		8	2017
162000909	501100	 	225583.33		8	2017
137000219	94000133	S	229023.96		8	2017
168001303	501100	 	229293.24		8	2017
150000502	506100	 	230022.57		8	2017
140000301	94000002	S	230107.09		8	2017
133000204	94000173	S	230262.96		8	2017
151000606	501100	 	230696.26		8	2017
162000907	502200	 	231235.4		8	2017
166001103	527130	 	231500		8	2017
140000310	501100	 	232231.65		8	2017
133000204	504100	 	232461.37		8	2017
133000205	94000002	S	232630.28		8	2017
150000502	504100	 	233861.23		8	2017
110000124	511100	 	234501.02		8	2017
166001103	523200	 	235000		8	2017
123000128	511100	 	235759.63		8	2017
151000603	529100	 	236158.66		8	2017
110000109	544112	 	239200		8	2017
168001303	523500	 	240000		8	2017
163001001	94000173	S	240562.44		8	2017
133000204	543160	 	240800		8	2017
110000123	525100	 	241000		8	2017
137000221	515100	 	242682.54		8	2017
152000803	501100	 	243263.47		8	2017
133000206	511100	 	243913.77		8	2017
121000122	94000015	S	244440		8	2017
190000113	501200	 	244598.27		8	2017
133000204	94000002	S	245213.14		8	2017
163001001	511100	 	246023.29		8	2017
168001303	94000143	S	247149.72		8	2017
133000204	515100	 	247558.56		8	2017
150000501	502200	 	247620.71		8	2017
133000205	94000183	S	248382.84		8	2017
141900411	529110	 	250000		8	2017
161001207	531800	 	250000		8	2017
166001103	94000055	S	251499.96		8	2017
133000205	506100	 	251769.6		8	2017
151000602	94000103	S	251787.12		8	2017
110200126	527130	 	252700		8	2017
140000301	94000035	S	252818.04		8	2017
166001201	94000001	S	253033.46		8	2017
161000901	501100	 	253079.2		8	2017
133000201	503200	 	253668.68		8	2017
166000112	531500	 	254000		8	2017
163000904	505100	 	255046.25		8	2017
102000118	94000173	S	255846		8	2017
141600406	94000183	S	256058.04		8	2017
133000201	94000173	S	256175.4		8	2017
120000120	527130	 	256910		8	2017
168001303	571132	 	257488.85		8	2017
137000219	541160	 	258000		8	2017
103001502	531701	 	258081.35		8	2017
141500408	501200	 	258921.9		8	2017
140000307	527110	 	260000		8	2017
166001201	501100	 	260226.63		8	2017
152000803	524150	 	261000		8	2017
130000127	529100	 	261500		8	2017
153000701	501100	 	262479.21		8	2017
141700405	502200	 	265007.62		8	2017
166001308	521110	 	265879.52		8	2017
113000114	543151	 	266150.59		8	2017
152000803	94000133	S	267212.88		8	2017
166001103	94000011	S	269125.53		8	2017
140000310	94000000	S	269865.6		8	2017
130000127	544114	 	270000		8	2017
170001208	94000003	S	270427.56		8	2017
114000107	511100	 	271858.76		8	2017
162000907	94000173	S	272873.64		8	2017
110200126	511100	 	273279.81		8	2017
150000502	515100	 	273611.26		8	2017
125000108	501100	 	274128.98		8	2017
153000702	501100	 	275429.62		8	2017
110000123	501200	 	279187.27		8	2017
133000204	94000011	S	279958.28		8	2017
170001102	528000	 	280938.09		8	2017
130000127	505100	 	282536.52		8	2017
141300409	503200	 	282826.11		8	2017
156000208	501100	 	284295.47		8	2017
152000803	94000173	S	285388.92		8	2017
161000902	501100	 	285632.85		8	2017
102000103	94000015	S	285720		8	2017
151000602	94000001	S	286067.41		8	2017
156001307	501200	 	286460.22		8	2017
163001001	503200	 	287724.39		8	2017
120000120	501200	 	288060.52		8	2017
110000109	501100	 	288539.89		8	2017
168001303	529100	 	290000		8	2017
140000305	94000033	S	293074.56		8	2017
120000120	511100	 	294667.45		8	2017
151000603	501200	 	295239.36		8	2017
103001501	94000183	S	295305.12		8	2017
110200126	525500	 	296250		8	2017
133000205	515100	 	299479.41		8	2017
103001501	531701	 	300000		8	2017
152000802	581100	S	300000		8	2017
166001204	94000113	S	300000		8	2017
190001507	543151	 	300000		8	2017
110000124	505100	 	301054.1		8	2017
137000221	543160	 	302050		8	2017
123000128	505100	 	302669.79		8	2017
152000803	521120	 	307000		8	2017
137000219	501200	 	309501.92		8	2017
133000205	94000173	S	310097.88		8	2017
140000301	529120	 	311000		8	2017
103001501	529100	 	311590.25		8	2017
170001208	94000001	S	311597.16		8	2017
141400407	501100	 	312359.67		8	2017
133000206	505100	 	313138.43		8	2017
101000102	501200	 	314924.32		8	2017
163001001	505100	 	315846.3		8	2017
150000507	523100	 	316100		8	2017
137000221	501200	 	317023.51		8	2017
103001501	501100	 	320369.89		8	2017
150000507	501100	 	322378.77		8	2017
133000205	504100	 	324932.07		8	2017
141600406	94000015	S	324988.32		8	2017
150000510	511100	 	325015.06		8	2017
141700405	94000173	S	327006.84		8	2017
168001303	571110	 	328635.12		8	2017
168001301	94000002	S	330219.18		8	2017
133000206	501200	 	330787.26		8	2017
162000908	501200	 	331254.72		8	2017
168001301	501100	 	334081.8		8	2017
140000304	527110	 	335000		8	2017
151000602	94000033	S	336095.52		8	2017
133000201	94000183	S	336355.08		8	2017
151000601	501100	 	337206.31		8	2017
166001201	502200	 	337943.85		8	2017
151000605	94000002	S	338637.6		8	2017
133000202	501100	 	341135.4		8	2017
137000221	94000001	S	342648.71		8	2017
162000906	501100	 	343714.79		8	2017
141900411	94000133	S	344592.44		8	2017
151000604	503200	 	348674.54		8	2017
114000107	505100	 	349014.1		8	2017
140000301	527110	 	350000		8	2017
166001103	524120	 	350000		8	2017
110200126	505100	 	350838.62		8	2017
162000909	501200	 	352999.9		8	2017
162000907	94000015	S	353130.24		8	2017
113000114	529100	 	354056.96		8	2017
130000127	544116	 	356000		8	2017
166001204	524140	 	357164.82		8	2017
190000104	531800	 	357247		8	2017
166001206	501200	 	357345.72		8	2017
110200126	545100	 	367000		8	2017
121000122	94000001	S	371314.25		8	2017
140000301	531800	 	372000		8	2017
156001401	529100	 	372660.81		8	2017
190001507	529110	 	373000		8	2017
141600406	549155	 	373757		8	2017
140000301	529100	 	373848.8		8	2017
168001303	521110	 	373950		8	2017
140000301	501100	 	378013.41		8	2017
120000120	505100	 	378296.42		8	2017
110000109	94000173	S	378512.16		8	2017
152000803	581112	S	380422.54		8	2017
114000107	501200	 	382877.51		8	2017
120000120	94000015	S	386550		8	2017
141400407	94000173	S	388924.68		8	2017
166001103	521110	 	390000		8	2017
166001103	94000002	S	394280.36		8	2017
141200410	502200	 	395151.47		8	2017
137000221	523700	 	398000		8	2017
151000602	94000133	S	399360.48		8	2017
111000116	505300	 	400000		8	2017
161001207	531500	 	400000		8	2017
140000310	501200	 	402180.28		8	2017
137000220	511100	 	407485.92		8	2017
137000220	94000173	S	408996.72		8	2017
150000503	501100	 	410521.82		8	2017
137000221	94000173	S	412356		8	2017
152000803	521110	 	412468		8	2017
141800404	501100	 	413813.95		8	2017
151000602	529100	 	414089.01		8	2017
137000221	571132	 	416282.88		8	2017
166000112	523500	 	416900		8	2017
141600406	94000173	S	417794.64		8	2017
121000122	511100	 	419428.2		8	2017
133000203	529100	 	420000		8	2017
140000307	94000033	S	420459.12		8	2017
150000508	501200	 	421848.64		8	2017
137000221	94000000	S	421860		8	2017
151000603	531800	 	426711		8	2017
150000511	501100	 	429101.69		8	2017
151000602	543180	 	429320		8	2017
150000510	505100	 	429552.25		8	2017
123000128	581111	S	440600		8	2017
137000219	94000002	S	440609.19		8	2017
140000305	501200	 	441011.96		8	2017
150000502	529100	 	443799.96		8	2017
151000605	502200	 	445674.32		8	2017
166001206	531801	 	450000		8	2017
168001301	94000143	S	450027.84		8	2017
141600406	503200	 	454007.4		8	2017
153000703	501200	 	454670.39		8	2017
133000201	511100	 	460314.42		8	2017
190000414	531700	 	460813.55		8	2017
190001507	94000133	S	462360.12		8	2017
133000204	545100	 	462609.75		8	2017
190000104	501200	 	463358.18		8	2017
151000602	511100	 	471705.22		8	2017
168001301	523500	 	475000		8	2017
168001301	571132	 	476515.81		8	2017
111000115	501200	 	476839.16		8	2017
150001005	511100	 	476958.08		8	2017
140000306	501200	 	477811.55		8	2017
162000907	501100	 	481820.71		8	2017
102000118	501200	 	483112.07		8	2017
121000121	94000015	S	483960		8	2017
141700405	501900	 	490000		8	2017
141000402	94000183	S	490859.04		8	2017
133000204	503200	 	491369.18		8	2017
103001502	531700	 	495000		8	2017
111000116	504100	 	499479.77		8	2017
150001005	543180	 	502440.24		8	2017
156001401	501100	 	504368.67		8	2017
152000803	503200	 	506775.26		8	2017
166001201	571120	 	506974.63		8	2017
150000501	511100	 	509383.98		8	2017
152000803	524140	 	514880		8	2017
140000303	501200	 	519123.97		8	2017
103001502	501200	 	520365.84		8	2017
121000121	511100	 	523159.82		8	2017
190001507	501200	 	526497.02		8	2017
166001308	94000133	S	528602.64		8	2017
150000502	94000015	S	529278		8	2017
137000220	505100	 	529708.32		8	2017
150000501	503200	 	530648.47		8	2017
140000301	503200	 	531402.92		8	2017
161000902	529100	 	532300		8	2017
140000304	94000033	S	532803		8	2017
168001303	503200	 	534103.18		8	2017
151000602	94000011	S	537884.96		8	2017
121000122	505100	 	538465.06		8	2017
166001103	528010	 	539000		8	2017
140000309	531800	 	540000		8	2017
110000124	501200	 	544192.66		8	2017
110000109	543160	 	545800		8	2017
168001302	501200	 	546420.22		8	2017
151000606	531800	 	550622.69		8	2017
150000503	533920	 	552000		8	2017
102000103	94000173	S	552138		8	2017
151000602	94000015	S	552205.68		8	2017
103001501	501200	 	562590.19		8	2017
162000907	503200	 	569749.52		8	2017
150000502	94000133	S	569768.4		8	2017
150000511	529100	 	571500		8	2017
168001301	502200	 	571544.77		8	2017
140000302	501200	 	578311.45		8	2017
150000501	505100	 	578726.88		8	2017
151000604	94000173	S	579915.36		8	2017
121000121	94000005	S	580383.7		8	2017
151000605	94000183	S	580559.88		8	2017
153000702	501200	 	584478.29		8	2017
133000201	505100	 	590954.19		8	2017
141400407	501200	 	593634.23		8	2017
156000208	501200	 	595127.82		8	2017
152000803	571131	 	599453.92		8	2017
166001202	94000113	S	600000		8	2017
110200126	501200	 	601120.24		8	2017
151000602	505100	 	605577.69		8	2017
166001308	501200	 	608338.88		8	2017
150001005	505100	 	612321.7		8	2017
137000219	571132	 	620244.68		8	2017
110000124	527130	 	624700		8	2017
166001204	521130	 	624714.46		8	2017
150000506	531800	 	625000		8	2017
161000902	501200	 	625762.69		8	2017
141200410	501900	 	628392		8	2017
151000605	511100	 	632860.03		8	2017
156000208	523800	 	633570		8	2017
111000116	94000015	S	639009.48		8	2017
111000116	514100	 	643466.61		8	2017
150000504	501200	 	647496.46		8	2017
153000701	501200	 	647504.37		8	2017
161001207	501200	 	652016.56		8	2017
163000904	501100	 	663435.15		8	2017
141200410	545100	 	663498.15		8	2017
140000301	94000033	S	664043.04		8	2017
161000901	501200	 	664421.99		8	2017
141700405	503200	 	664818.01		8	2017
102000103	511100	 	666466.74		8	2017
140000310	543190	 	667100		8	2017
121000121	505100	 	671635.78		8	2017
166001202	571123	 	679406.95		8	2017
151000605	94000133	S	688458.36		8	2017
137000219	531801	 	690000		8	2017
133000204	94000001	S	690259.6		8	2017
137000219	514100	 	690523.82		8	2017
120101601	551000	 	698100		8	2017
111000116	507200	 	700000		8	2017
150000510	529120	 	702500		8	2017
162000906	501200	 	709360.61		8	2017
168001301	549151	 	715000		8	2017
190400412	531800	 	715500		8	2017
121000121	501200	 	721993.36		8	2017
152000801	94000133	S	724827.48		8	2017
153000701	531800	 	732250		8	2017
130000127	501100	 	734944.32		8	2017
110000124	529100	 	744560		8	2017
141200410	529100	 	754492.79		8	2017
140000307	501200	 	758977.73		8	2017
152000803	571110	 	767371.09		8	2017
141300409	94000133	S	774053.76		8	2017
110200126	529100	 	775000		8	2017
150000501	94000133	S	777689.52		8	2017
110000124	501100	 	783112.52		8	2017
123000128	501100	 	787315.31		8	2017
166001103	502200	 	787439.89		8	2017
137000221	511100	 	787573		8	2017
166001103	94000001	S	792037.72		8	2017
102000103	501200	 	799181.86		8	2017
110000123	525120	 	800000		8	2017
166001203	94000113	S	800000.04		8	2017
166001201	94000075	S	801688.63		8	2017
133000204	511100	 	803398.57		8	2017
137000219	506100	 	807160.16		8	2017
110000109	501200	 	811400.88		8	2017
151000605	505100	 	812471.21		8	2017
133000206	501100	 	814546.18		8	2017
166001103	544129	 	818000		8	2017
163001001	501100	 	821590.71		8	2017
166001103	94000075	S	824454.81		8	2017
166001201	503200	 	829471.42		8	2017
190001507	543190	 	829700		8	2017
111000116	502200	 	849517.04		8	2017
150000502	501200	 	852705.29		8	2017
190001507	524190	 	853669		8	2017
102000103	505100	 	855614.59		8	2017
137000219	504100	 	857300.68		8	2017
120001605	94000004	S	865876		8	2017
137000221	505100	 	869013.43		8	2017
166001204	94000133	S	880765.44		8	2017
133000205	501200	 	883839.17		8	2017
152000801	501200	 	886342.69		8	2017
150000502	511100	 	887945.81		8	2017
133000205	94000015	S	891035.52		8	2017
141900411	522100	 	895127.72		8	2017
111000116	506100	 	896169.24		8	2017
111000116	515100	 	897031.04		8	2017
152000801	571110	 	905028.92		8	2017
114000107	501100	 	907867.72		8	2017
110200126	501100	 	912613.61		8	2017
141300409	529100	 	913439.33		8	2017
161000901	529100	 	917971.05		8	2017
110200126	545200	 	927200		8	2017
141800404	501200	 	935676.14		8	2017
110200126	543130	 	944000		8	2017
110200126	542900	 	949860		8	2017
137000221	523400	 	953850		8	2017
151000601	531800	 	961100		8	2017
137000219	515100	 	962631.59		8	2017
120100129	94000133	S	964857.36		8	2017
133000205	511100	 	971893.72		8	2017
120000120	501100	 	984037.6		8	2017
156001401	501200	 	984673.95		8	2017
113000114	501200	 	985816.56		8	2017
111000116	541200	 	1000000		8	2017
150000502	531801	 	1000000		8	2017
162000908	543190	 	1000000		8	2017
150000510	501200	 	1007192.03		8	2017
150001005	501200	 	1007515.4		8	2017
133000204	94000015	S	1008995.52		8	2017
141900411	572100	 	1017100		8	2017
150000511	533990	 	1025300		8	2017
141800404	501900	 	1026000		8	2017
166001203	571123	 	1028350.74		8	2017
133000204	505100	 	1031408.09		8	2017
140000304	501200	 	1040671.08		8	2017
151000605	503200	 	1081711.52		8	2017
150000510	501100	 	1085379.48		8	2017
102000118	549120	 	1110000		8	2017
190001507	521120	 	1111184		8	2017
153000704	501200	 	1114738.24		8	2017
110000124	542900	 	1126300		8	2017
150000502	505100	 	1139950.72		8	2017
151000606	501200	 	1164724.89		8	2017
168001303	94000133	S	1180052.28		8	2017
168001301	94000035	S	1200000		8	2017
110000109	543140	 	1245950		8	2017
133000205	505100	 	1247724.43		8	2017
150000501	546300	 	1250000		8	2017
166001103	529100	 	1260000		8	2017
151000602	94000183	S	1290418.92		8	2017
151000602	529120	 	1295953.86		8	2017
133000201	501200	 	1296344.2		8	2017
152000802	531800	 	1300000		8	2017
141200410	503200	 	1315109.01		8	2017
166001201	523500	 	1315208.2		8	2017
130000127	544115	 	1315925		8	2017
102000118	542100	 	1318500		8	2017
110000123	523500	 	1350000		8	2017
137000220	501100	 	1360792.24		8	2017
151000605	531800	 	1394425.88		8	2017
121000122	501100	 	1400674.28		8	2017
166001103	543160	 	1418000		8	2017
166001204	571123	 	1418503.87		8	2017
168001301	571110	 	1424266		8	2017
168001301	503200	 	1446623.04		8	2017
190001507	524130	 	1450000		8	2017
168001301	521110	 	1488799.7		8	2017
166001201	94000000	S	1494493.68		8	2017
190001507	551700	 	1498783.98		8	2017
111000116	507100	 	1500000		8	2017
123000128	571110	 	1512095.12		8	2017
163001001	501200	 	1535891.29		8	2017
133000201	501100	 	1537211.4		8	2017
141300409	501200	 	1564282.89		8	2017
137000219	94000173	S	1564306.44		8	2017
151000602	501100	 	1575250.02		8	2017
141300409	94000173	S	1586784.84		8	2017
150001005	501100	 	1592794.39		8	2017
140000302	94000173	S	1595263.32		8	2017
190001507	571110	 	1606316.08		8	2017
190001507	501900	 	1608386		8	2017
150000502	533160	 	1624120		8	2017
150001005	94000173	S	1674819.84		8	2017
150000501	501100	 	1701078.69		8	2017
121000121	501100	 	1747082.35		8	2017
166001308	571110	 	1747704.43		8	2017
151000604	94000085	S	1753130.13		8	2017
111000116	541120	 	1753234.87		8	2017
151000604	501200	 	1753273.35		8	2017
140000306	94000173	S	1789031.52		8	2017
133000205	543160	 	1794767.91		8	2017
190001507	524140	 	1815000		8	2017
151000602	94000002	S	1851114.61		8	2017
150001005	531700	 	1868700		8	2017
166001103	503200	 	1875547.09		8	2017
123000128	94000133	S	1955211.72		8	2017
166001201	94000035	S	2000000.04		8	2017
161001207	529100	 	2056107.85		8	2017
151000605	501100	 	2113427.33		8	2017
111000116	505200	 	2200000		8	2017
102000103	501100	 	2225654.64		8	2017
141600406	501200	 	2315780.31		8	2017
141000403	531800	 	2318500		8	2017
141000402	531800	 	2318800		8	2017
121201606	534200	 	2339020		8	2017
151000602	502200	 	2450883.01		8	2017
133000204	501200	 	2463163.32		8	2017
121201606	559200	 	2500000		8	2017
150000501	546200	 	2519100		8	2017
137000221	501100	 	2630087.34		8	2017
168001303	501200	 	2663580.48		8	2017
166001201	521130	 	2710000		8	2017
133000204	501100	 	2747291.56		8	2017
140000301	501200	 	2765541.86		8	2017
111000116	503200	 	2767642.57		8	2017
150000503	533210	 	2812020		8	2017
111000116	529100	 	2820000		8	2017
140000303	94000173	S	2848951.2		8	2017
152000803	501200	 	2893109.95		8	2017
111000116	511100	 	2911117.29		8	2017
151000604	531800	 	2939250.07		8	2017
150000502	501100	 	2965279.65		8	2017
162000907	501200	 	2984847.99		8	2017
190001507	521110	 	3033346		8	2017
166001103	521130	 	3055000		8	2017
152000801	94000173	S	3067914.36		8	2017
137000219	511100	 	3124010.67		8	2017
150000501	501200	 	3172071.53		8	2017
123000128	521110	 	3239120		8	2017
133000205	501100	 	3245624.67		8	2017
141700405	501200	 	3407044.56		8	2017
166001103	521120	 	3500000		8	2017
140000307	94000173	S	3507860.28		8	2017
151000602	94000173	S	3554219.76		8	2017
190001507	529100	 	3596395		8	2017
168001301	94000133	S	3606024.6		8	2017
120001605	531100	 	3671782		8	2017
150000501	529100	 	3695754.96		8	2017
111000116	544110	 	3707000		8	2017
140000305	94000173	S	3771756.96		8	2017
137000219	505100	 	3999988.5		8	2017
120100129	572100	 	4000000		8	2017
150001005	94000183	S	4145678.28		8	2017
166001103	524140	 	4205000		8	2017
166001201	501200	 	4257726.97		8	2017
150000507	533990	 	4260000		8	2017
166001204	571120	 	4324846.16		8	2017
111000116	505100	 	4440147.11		8	2017
137000221	523800	 	4491400		8	2017
102000118	94000005	S	4533555.95		8	2017
150000506	529100	 	4559275.04		8	2017
151000605	523200	 	4715000		8	2017
166001201	94000133	S	4880395.8		8	2017
150000502	533240	 	5016340		8	2017
151000602	503200	 	5153377.97		8	2017
151000605	501200	 	5717159.74		8	2017
140000308	527120	 	5734500		8	2017
166001103	94000133	S	5806189.35		8	2017
150000510	529100	 	6104676.92		8	2017
166001201	529100	 	6128904.36		8	2017
140000304	94000173	S	6652909.56		8	2017
168001301	501200	 	7247868.6		8	2017
120101603	551700	 	7250000		8	2017
140000301	531101	 	7467564		8	2017
150000502	533990	 	7481300		8	2017
111000116	94000004	S	7641000		8	2017
150001005	529100	 	7717850.12		8	2017
170001208	531500	 	7990500		8	2017
161001207	531700	 	8283200		8	2017
166001201	94000113	S	8300000.04		8	2017
120001605	531800	 	8481900		8	2017
141200410	501200	 	8653860.34		8	2017
151000601	533120	 	9211620		8	2017
111000116	501200	 	9499300.46		8	2017
120100129	545101	 	9953884.31		8	2017
166001103	501200	 	10043555.61		8	2017
137000219	501100	 	10432580.55		8	2017
140000301	94000173	S	10837602.6		8	2017
111000116	501100	 	11250637.26		8	2017
140000301	531201	 	11852850		8	2017
151000605	533120	 	14676598.75		8	2017
170001102	528020	 	14719627.24		8	2017
150000502	533210	 	16412850		8	2017
166001201	571123	 	18295448.92		8	2017
120101601	551700	 	21130000		8	2017
170001102	531500	 	21404700		8	2017
120100129	531500	 	23352116		8	2017
166001103	571122	 	23605806.48		8	2017
150000503	533110	 	23825040		8	2017
141900411	531500	 	28629150		8	2017
121201606	534100	 	29939461		8	2017
151000602	501200	 	31810465.24		8	2017
151000605	533220	 	47380901.25		8	2017
120100129	524170	 	51841000		8	2017
150000502	533110	 	59618650		8	2017
151000602	531800	 	67980687.2		8	2017
120001605	537700	 	87617990		8	2017
150000501	546100	 	91968000		8	2017
150001715	461700	 		0.16	8	2017
150001710	461700	 		0.26	8	2017
133000203	416110	 		0.48	8	2017
130000512	448700	 		0.6	8	2017
190400412	448700	 		0.72	8	2017
153001701	461700	 		0.85	8	2017
151000608	456500	 		1.56	8	2017
151000603	456500	 		1.68	8	2017
141001704	461700	 		2	8	2017
166001205	448700	 		2.16	8	2017
150001714	461700	 		2.45	8	2017
141000403	448700	 		2.64	8	2017
166001308	448700	 		2.88	8	2017
133000202	416110	 		3.12	8	2017
166001202	448700	 		3.72	8	2017
166001203	448700	 		3.72	8	2017
166001204	448700	 		3.72	8	2017
166001206	448700	 		4.44	8	2017
140001702	461700	 		5.62	8	2017
104000105	448700	 		5.92	8	2017
151000606	456500	 		6.12	8	2017
166000112	448700	 		7.8	8	2017
156001402	448700	 		8.64	8	2017
151000604	456500	 		9.12	8	2017
137001720	461700	 		9.85	8	2017
141001707	461700	 		11.35	8	2017
151000603	448700	 		11.88	8	2017
141001705	469110	 		13.31	8	2017
190000414	448700	 		15	8	2017
190001507	448700	 		15	8	2017
133000206	416110	 		15.45	8	2017
151000608	416110	 		15.6	8	2017
161000215	448700	 		16.08	8	2017
141000402	448700	 		17.76	8	2017
120201510	461500	 		18	8	2017
141500408	448700	 		19.08	8	2017
140000306	448700	 		21.6	8	2017
190400412	416110	 		22.92	8	2017
140000301	416120	 		23.27	8	2017
140000302	448700	 		23.64	8	2017
151000601	456500	 		23.64	8	2017
102000103	94000025	H		24.48	8	2017
151000603	459100	 		25.28	8	2017
168001719	461700	 		25.53	8	2017
151000608	459100	 		25.68	8	2017
141001705	461700	 		26.34	8	2017
141001704	457110	 		27.89	8	2017
150000511	416110	 		27.96	8	2017
150000501	416110	 		28.08	8	2017
168001302	448700	 		28.44	8	2017
140000309	448700	 		28.68	8	2017
141600406	416170	 		29.04	8	2017
110000119	448700	 		30	8	2017
110770131	448700	 		30	8	2017
162000908	448700	 		33.12	8	2017
140000303	448700	 		35.28	8	2017
102000103	94000002	H		37.56	8	2017
102000103	94000073	H		37.56	8	2017
103001502	448700	 		38.04	8	2017
141200410	416150	 		38.68	8	2017
141200410	459100	 		40	8	2017
140000305	448700	 		43.44	8	2017
141000401	448700	 		43.8	8	2017
153000703	448700	 		44.28	8	2017
152000802	448700	 		44.76	8	2017
102000118	448700	 		45	8	2017
110660130	448700	 		45	8	2017
110990133	448700	 		45	8	2017
111000115	448700	 		45.6	8	2017
141600406	448700	 		47.04	8	2017
133000203	448700	 		48.6	8	2017
141700405	448700	 		48.96	8	2017
153001701	465100	 		49	8	2017
151000605	456500	 		49.92	8	2017
166001205	456100	 		49.92	8	2017
101000102	414400	 		50	8	2017
101000102	459100	 		50	8	2017
110990133	414800	 		50	8	2017
110990133	441100	 		50	8	2017
110990133	442100	 		50	8	2017
113000114	446100	 		50	8	2017
121000121	459100	 		50	8	2017
133000201	432100	 		50	8	2017
140000301	456100	 		50	8	2017
140000301	459100	 		50	8	2017
140000302	459100	 		50	8	2017
140000303	459100	 		50	8	2017
140000304	459100	 		50	8	2017
140000305	459100	 		50	8	2017
140000306	459100	 		50	8	2017
140000307	459100	 		50	8	2017
140000310	459100	 		50	8	2017
141000401	412100	 		50	8	2017
141000401	414700	 		50	8	2017
141000401	432200	 		50	8	2017
141000401	446100	 		50	8	2017
141000402	414800	 		50	8	2017
141300409	414100	 		50	8	2017
141300409	414700	 		50	8	2017
141300409	414800	 		50	8	2017
141300409	448400	 		50	8	2017
141400407	456500	 		50	8	2017
141800404	414000	 		50	8	2017
141800404	414800	 		50	8	2017
151000606	461700	 		50	8	2017
152000803	459100	 		50	8	2017
156001401	432100	 		50	8	2017
150001716	461700	 		50.69	8	2017
190600903	416110	 		50.79	8	2017
102000103	94000083	H		51	8	2017
140000308	448700	 		53.16	8	2017
150000504	416150	 		55	8	2017
133000207	448700	 		55.2	8	2017
123001718	461700	 		59.8	8	2017
190600903	448700	 		59.88	8	2017
101000102	448700	 		60	8	2017
110880132	448700	 		60	8	2017
113000114	448700	 		60	8	2017
150000508	448700	 		62.52	8	2017
140000304	448700	 		62.88	8	2017
151000606	448700	 		63	8	2017
161001207	448700	 		63	8	2017
162000909	448700	 		64.8	8	2017
150000504	448700	 		64.92	8	2017
141200410	448700	 		65.52	8	2017
161000901	448700	 		66.36	8	2017
161001003	448700	 		68.76	8	2017
140000307	448700	 		69.6	8	2017
150000503	416110	 		69.96	8	2017
150000507	416110	 		69.96	8	2017
150000508	416110	 		69.96	8	2017
151000604	448700	 		71.16	8	2017
133000207	416110	 		73.11	8	2017
190000104	448700	 		74.88	8	2017
110990133	446100	 		75	8	2017
153000701	448700	 		76.68	8	2017
151000608	448700	 		77.76	8	2017
152000801	448700	 		78.12	8	2017
150000506	448700	 		78.72	8	2017
156001307	448700	 		79.8	8	2017
141700405	416150	 		80	8	2017
153000702	448700	 		81.36	8	2017
153000704	448700	 		82.2	8	2017
150001709	461700	 		83.01	8	2017
161000902	448700	 		85.2	8	2017
151000606	459100	 		87.24	8	2017
104000105	416110	 		88.35	8	2017
166001204	416170	 		88.92	8	2017
166001203	416170	 		89.04	8	2017
168001303	448700	 		90.6	8	2017
141400407	416120	 		95.79	8	2017
102000103	94000000	H		97.68	8	2017
162000906	448700	 		98.28	8	2017
101000102	414000	 		100	8	2017
101000102	414700	 		100	8	2017
110000109	442100	 		100	8	2017
110000109	459100	 		100	8	2017
110660130	442100	 		100	8	2017
137001720	414700	 		100	8	2017
140000305	446100	 		100	8	2017
141400407	459100	 		100	8	2017
150000510	416100	 		100	8	2017
162000907	448800	 		100	8	2017
150001712	461700	 		100.23	8	2017
133000205	416110	 		101.48	8	2017
125000108	448700	 		104.76	8	2017
140000310	448700	 		105.24	8	2017
150001005	416170	 		108.23	8	2017
102000103	94000011	H		108.96	8	2017
156000208	448700	 		109.44	8	2017
150001711	461700	 		109.83	8	2017
141001706	461700	 		112.75	8	2017
141300409	448700	 		113.84	8	2017
152000803	416160	 		118.23	8	2017
168001301	448700	 		120.72	8	2017
141001704	469110	 		123.49	8	2017
141400407	448700	 		123.96	8	2017
110990133	414700	 		125	8	2017
110000109	448700	 		126.12	8	2017
168001302	416150	 		129.31	8	2017
140000302	416170	 		130	8	2017
151000601	448700	 		130.08	8	2017
150000507	448700	 		132.36	8	2017
150000510	94000011	H		132.36	8	2017
151000602	416100	 		133.26	8	2017
140000301	448700	 		140.88	8	2017
151000604	459100	 		147.56	8	2017
162000907	448700	 		148.44	8	2017
101000102	414100	 		150	8	2017
110770131	446100	 		150	8	2017
110770131	448800	 		150	8	2017
150000504	416180	 		155.11	8	2017
162000908	416110	 		159.36	8	2017
133000202	448700	 		160.44	8	2017
156001401	448700	 		161.4	8	2017
150001715	469110	 		166	8	2017
141300409	94000123	H		170.04	8	2017
150000511	448700	 		170.76	8	2017
150000503	448700	 		175.92	8	2017
140001703	461700	 		183.63	8	2017
141000403	416110	 		190.44	8	2017
133000201	456200	 		200	8	2017
150000508	421100	 		200	8	2017
150000508	431100	 		200	8	2017
150000508	446100	 		200	8	2017
150000510	414800	 		200	8	2017
156001307	456100	 		200	8	2017
166001202	456100	 		200.04	8	2017
166001203	456100	 		200.04	8	2017
166001204	456100	 		200.04	8	2017
190000104	416110	 		204.27	8	2017
153000703	441100	 		206.52	8	2017
151000602	456500	 		207.96	8	2017
150001713	461700	 		212.06	8	2017
151000601	416110	 		221.52	8	2017
140000310	448800	 		250	8	2017
162000909	416110	 		250.48	8	2017
150001713	465100	 		262	8	2017
190000113	416110	 		269.54	8	2017
110200126	448700	 		277.56	8	2017
163000904	448700	 		279	8	2017
110000124	448700	 		282.84	8	2017
151000604	416180	 		287.9	8	2017
123000128	448700	 		291.72	8	2017
114000107	448700	 		299.4	8	2017
140000310	456200	 		300	8	2017
150001717	461700	 		303.27	8	2017
140000301	416150	 		313.52	8	2017
120000120	448700	 		314.52	8	2017
153000702	441100	 		316.56	8	2017
163001001	448700	 		320.16	8	2017
153000701	441100	 		327.2	8	2017
133000206	448700	 		341.88	8	2017
151000601	459100	 		370.32	8	2017
102000103	94000033	H		376.8	8	2017
125000108	416110	 		394.52	8	2017
152000801	94000003	H		399.96	8	2017
121000122	448800	 		400	8	2017
121201606	448800	 		400	8	2017
141200410	94000000	H		400.08	8	2017
162000906	416110	 		432.68	8	2017
137000220	448700	 		449.28	8	2017
153001701	469110	 		451.43	8	2017
161000902	416110	 		455.91	8	2017
150001709	457110	 		471.37	8	2017
153000703	416110	 		479.36	8	2017
102000103	94000023	H		484.08	8	2017
140000309	416110	 		497.76	8	2017
166001204	416150	 		499.5	8	2017
110000123	441100	 		500	8	2017
110000124	448800	 		500	8	2017
110770131	442100	 		500	8	2017
114000107	416110	 		500	8	2017
141300409	431100	 		500	8	2017
141300409	446100	 		500	8	2017
150000507	456100	 		500	8	2017
150000510	418100	 		500	8	2017
156001307	461700	 		500	8	2017
166001103	431100	 		500	8	2017
168001302	94000003	H		500.04	8	2017
168001303	416180	 		500.27	8	2017
151000603	416110	 		502.33	8	2017
140000308	416110	 		503.28	8	2017
141300409	416180	 		512.29	8	2017
137001720	469110	 		513.33	8	2017
150001710	469110	 		530.38	8	2017
121000122	448700	 		535.44	8	2017
121000122	416110	 		548.54	8	2017
153000704	441100	 		549.72	8	2017
102000103	448700	 		554.4	8	2017
140000306	416180	 		563.25	8	2017
102000103	94000063	H		571.68	8	2017
150001716	465100	 		590	8	2017
168001719	457110	 		593.8	8	2017
166001204	437120	 		596.76	8	2017
140000301	456200	 		600	8	2017
141200410	94000123	H		600	8	2017
156001307	442100	 		600	8	2017
168001303	448500	 		600	8	2017
101000102	416110	 		608.31	8	2017
152000803	448700	 		611.88	8	2017
133000201	448700	 		616.56	8	2017
110000109	416120	 		622.4	8	2017
161000901	416110	 		624.72	8	2017
140000307	416100	 		630.7	8	2017
150000501	448700	 		658.08	8	2017
151000604	416170	 		662.5	8	2017
110200126	416120	 		679.63	8	2017
151000602	448700	 		682.08	8	2017
166001205	416110	 		691.94	8	2017
121000121	448700	 		692.28	8	2017
152000803	442100	 		700	8	2017
163001001	416110	 		705.88	8	2017
141000402	416110	 		723.48	8	2017
140000301	416170	 		737.57	8	2017
141700405	416170	 		774.39	8	2017
150001708	441100	 		775	8	2017
166001206	416110	 		780.68	8	2017
141001706	469190	 		800	8	2017
150000502	422110	 		800	8	2017
162000908	431100	 		800	8	2017
166001103	456100	 		800	8	2017
151000605	448700	 		806.28	8	2017
150000502	416110	 		844.81	8	2017
168001302	416140	 		847.52	8	2017
168001301	437120	 		851.97	8	2017
103001502	416110	 		856.44	8	2017
166001202	448800	 		870	8	2017
166001203	448800	 		870	8	2017
166001204	448800	 		870	8	2017
166001205	448800	 		870	8	2017
150001709	469110	 		894.75	8	2017
150001708	461700	 		896.16	8	2017
141500408	431100	 		900	8	2017
168001302	437120	 		924.86	8	2017
137000221	448700	 		933.84	8	2017
140000305	416100	 		946.05	8	2017
141001705	457110	 		967.3	8	2017
170001102	446100	 		982.82	8	2017
166000112	416110	 		985.27	8	2017
140000303	416180	 		987.93	8	2017
133000203	414500	 		1000	8	2017
140000302	469100	 		1000	8	2017
140000310	414700	 		1000	8	2017
141800404	441100	 		1000	8	2017
150000510	448800	 		1000	8	2017
153000702	459100	 		1000	8	2017
161000215	431100	 		1000	8	2017
161001207	441100	 		1000	8	2017
102000103	94000103	H		1001.76	8	2017
166001201	416120	 		1011.63	8	2017
133000204	448700	 		1074.6	8	2017
150000502	448700	 		1084.8	8	2017
150001713	469110	 		1135.65	8	2017
150001711	457110	 		1139.09	8	2017
153000702	416110	 		1199.09	8	2017
140000303	469100	 		1200	8	2017
110770131	414700	 		1300	8	2017
161000901	442100	 		1300	8	2017
166001204	437110	 		1305.42	8	2017
156001307	416110	 		1309.29	8	2017
110200126	441100	 		1350	8	2017
141500408	416110	 		1370.68	8	2017
151000602	416180	 		1425.9	8	2017
140001703	469110	 		1437.27	8	2017
110880132	459100	 		1500	8	2017
137000221	442100	 		1500	8	2017
141400407	442100	 		1500	8	2017
133000205	448700	 		1505.64	8	2017
110000109	416130	 		1533.53	8	2017
140000302	416100	 		1576.75	8	2017
150001005	448700	 		1649.68	8	2017
151000602	416120	 		1698.62	8	2017
151000606	416110	 		1702.24	8	2017
166000112	448800	 		1740	8	2017
151000605	416110	 		1807.72	8	2017
140001702	469110	 		1838.09	8	2017
140000304	416170	 		1840.52	8	2017
103001501	416110	 		1871.9	8	2017
166001103	416160	 		1888.37	8	2017
103001502	416180	 		1915.25	8	2017
150001005	456100	 		2000	8	2017
153000704	446100	 		2000	8	2017
166000112	414700	 		2000	8	2017
166000112	414800	 		2000	8	2017
166001103	442100	 		2000	8	2017
150001714	469110	 		2005.48	8	2017
152000803	446100	 		2090	8	2017
141800404	456200	 		2100	8	2017
110990133	416110	 		2137.85	8	2017
166001206	448800	 		2175	8	2017
141700405	416180	 		2185.89	8	2017
140000305	416180	 		2193.42	8	2017
141800404	448700	 		2196.68	8	2017
150001711	469110	 		2214.62	8	2017
140000307	416170	 		2273.19	8	2017
141700405	416110	 		2331.61	8	2017
166001202	416170	 		2336.91	8	2017
110880132	416110	 		2378.19	8	2017
166001103	416180	 		2385.42	8	2017
141800404	94000005	H		2492.28	8	2017
110000109	432100	 		2500	8	2017
150001005	448500	 		2500	8	2017
140000303	416100	 		2522.8	8	2017
156001307	436100	 		2550	8	2017
102000103	416110	 		2552.28	8	2017
141001707	469110	 		2556.46	8	2017
166001202	416100	 		2574.17	8	2017
141500408	442100	 		2659	8	2017
152000803	416170	 		2662.64	8	2017
153000704	416110	 		2710.89	8	2017
152000801	416180	 		2727.43	8	2017
110000123	94000005	H		2780.04	8	2017
166001202	431100	 		2899.92	8	2017
166001203	431100	 		2899.92	8	2017
166001204	431100	 		2899.92	8	2017
166001205	431100	 		2900.04	8	2017
156001402	416110	 		2903.26	8	2017
150000504	416110	 		2976.46	8	2017
137000219	459100	 		3000	8	2017
151000606	446100	 		3000	8	2017
156001401	448000	 		3000	8	2017
168001302	448000	 		3000	8	2017
140000306	416100	 		3153.5	8	2017
168001302	416170	 		3156.94	8	2017
168001719	469110	 		3193.17	8	2017
151000602	459100	 		3259.64	8	2017
140000301	416180	 		3314.27	8	2017
140000304	416100	 		3468.85	8	2017
152000803	416180	 		3470.58	8	2017
133000201	448100	 		3500	8	2017
140000308	448200	 		3500	8	2017
151000605	431100	 		3600	8	2017
141400407	416110	 		3784.16	8	2017
110770131	441100	 		3800	8	2017
150000510	416110	 		3908.02	8	2017
141400407	94000000	H		3971.4	8	2017
137000219	448700	 		3976.56	8	2017
103001501	414700	 		4000	8	2017
110880132	414700	 		4000	8	2017
110880132	432100	 		4000	8	2017
141400407	414800	 		4000	8	2017
141400407	432200	 		4000	8	2017
110770131	416110	 		4015.35	8	2017
141800404	416110	 		4019.12	8	2017
141000401	416110	 		4393.63	8	2017
156001401	448200	 		4630	8	2017
162000907	416110	 		4745.53	8	2017
168001303	416100	 		4761.1	8	2017
103001502	416100	 		4815.06	8	2017
150001716	469110	 		4870.54	8	2017
103001501	414400	 		5000	8	2017
110000124	448400	 		5000	8	2017
121000122	431100	 		5000	8	2017
137000219	448200	 		5000	8	2017
140000301	448800	 		5000	8	2017
140000302	448800	 		5000	8	2017
140000303	448800	 		5000	8	2017
140000304	448800	 		5000	8	2017
140000305	448800	 		5000	8	2017
140000306	448800	 		5000	8	2017
140000307	448800	 		5000	8	2017
140000310	431100	 		5000	8	2017
141300409	459100	 		5000	8	2017
141400407	431100	 		5000	8	2017
151000604	414000	 		5000	8	2017
151000605	422110	 		5000	8	2017
162000909	448500	 		5000	8	2017
166001202	471100	 		5000	8	2017
133000204	416110	 		5109.82	8	2017
156001307	412100	 		5200	8	2017
166001201	457100	 		5356.66	8	2017
153000701	416110	 		5650.71	8	2017
166000112	431100	 		5800.08	8	2017
150000504	448000	 		6000	8	2017
156000208	416110	 		6040.69	8	2017
123000128	456200	 		6500	8	2017
140000301	416100	 		6937.7	8	2017
141600406	416110	 		6960.64	8	2017
156000208	456100	 		7000	8	2017
140000307	416180	 		7189.85	8	2017
120101601	456300	 		7200	8	2017
166001206	431100	 		7250.12	8	2017
168001303	459100	 		7400	8	2017
103001501	414200	 		7500	8	2017
133000205	456100	 		7500	8	2017
163000904	456200	 		7500	8	2017
137000221	416110	 		7606.07	8	2017
150001717	457110	 		7610.56	8	2017
190000113	94000011	H		7754.04	8	2017
137000219	94000003	H		7899.96	8	2017
110000109	446100	 		8000	8	2017
140000302	416110	 		8167.65	8	2017
152000802	416110	 		8469.84	8	2017
140000310	416110	 		8475.43	8	2017
110880132	441100	 		8500	8	2017
140000302	446100	 		8600	8	2017
121201606	481110	H		8638.55	8	2017
133000203	414700	 		9000	8	2017
140000307	448200	 		9000	8	2017
166001201	456100	 		9349.96	8	2017
110000109	448400	 		9500	8	2017
166001308	416180	 		9553.36	8	2017
150000510	448500	 		9600	8	2017
141300409	416110	 		9614.61	8	2017
141600406	94000123	H		9999.96	8	2017
137000219	448100	 		10000	8	2017
137000219	454200	 		10000	8	2017
141600406	456540	 		10000	8	2017
141600406	459100	 		10000	8	2017
150000501	421140	 		10000	8	2017
150000502	421100	 		10000	8	2017
150000506	421140	 		10000	8	2017
150000510	448200	 		10000	8	2017
150000511	421140	 		10000	8	2017
151000605	421190	 		10000	8	2017
151000605	422140	 		10000	8	2017
152000803	414800	 		10000	8	2017
168001303	454200	 		10000	8	2017
140000310	448100	 		10200	8	2017
102000103	94000173	H		10442.64	8	2017
150000502	448800	 		10500	8	2017
150001717	441100	 		10500	8	2017
130000127	448700	 		11065.04	8	2017
162000907	446100	 		11300	8	2017
141200410	416110	 		11378.94	8	2017
152000803	416120	 		11407.34	8	2017
150000502	421190	 		11500	8	2017
140000304	416180	 		11547.56	8	2017
140000310	414100	 		11750	8	2017
140000304	469100	 		11800	8	2017
137000220	416100	 		11916	8	2017
140000307	469100	 		12000	8	2017
166001202	432100	 		12000	8	2017
190000113	448500	 		12000	8	2017
141500408	432200	 		12300	8	2017
104000105	94000011	H		12313.74	8	2017
120000120	448500	 		12480	8	2017
163000904	431100	 		12500	8	2017
190001507	461700	 		12794	8	2017
123000128	448800	 		13000	8	2017
137000220	441100	 		13050.8	8	2017
141000402	456500	 		13300	8	2017
153000704	94000000	H		13500	8	2017
166000112	94000003	H		13500	8	2017
110000109	94000023	H		15000	8	2017
140000304	446100	 		15000	8	2017
150000510	431100	 		15000	8	2017
151000604	446100	 		15000	8	2017
166001103	448800	 		15000	8	2017
113000114	416110	 		15165.87	8	2017
123001718	469110	 		15744.4	8	2017
151000605	459100	 		15784.28	8	2017
141900411	448800	 		16000	8	2017
166001202	437110	 		16011.15	8	2017
120101604	461800	 		16200	8	2017
150001709	441100	 		16500	8	2017
151000605	421140	 		16500	8	2017
150000503	421120	 		17000	8	2017
140000306	416110	 		17582.32	8	2017
151000604	416110	 		17722.71	8	2017
111000116	459100	 		18000	8	2017
140000303	446100	 		18000	8	2017
140000307	414100	 		18000	8	2017
166001204	432100	 		18000	8	2017
110000109	448800	 		18970	8	2017
141200410	442100	 		19220	8	2017
110880132	446100	 		20000	8	2017
123000128	471100	 		20000	8	2017
141500408	414000	 		20000	8	2017
150000507	448200	 		20000	8	2017
121000121	448800	 		20500	8	2017
141000401	94000005	H		21454	8	2017
152000801	94000000	H		22099.92	8	2017
166001201	448800	 		22605	8	2017
137000219	416150	 		22727.28	8	2017
110000109	416110	 		23260.76	8	2017
156001401	416110	 		23363.39	8	2017
166001308	416100	 		23934.02	8	2017
140000306	446100	 		24000	8	2017
140000306	448200	 		24000	8	2017
166001201	441100	 		24000	8	2017
150000504	446100	 		24500	8	2017
123000128	416180	 		24584.55	8	2017
166001103	416170	 		24997.72	8	2017
166001202	416180	 		25811.13	8	2017
156001401	414100	 		25900	8	2017
168001303	416110	 		27296.52	8	2017
133000201	416110	 		27402.81	8	2017
141800404	94000123	H		27999.96	8	2017
133000201	459100	 		28000	8	2017
190001507	416100	 		28665.64	8	2017
150001712	469110	 		29190.82	8	2017
133000205	448800	 		30000	8	2017
137000220	414100	 		30000	8	2017
140000306	448000	 		30000	8	2017
140000308	448100	 		30000	8	2017
141300409	94000003	H		30000	8	2017
166001103	448700	 		30057.72	8	2017
140000303	416110	 		30595.29	8	2017
121000121	416110	 		31173.24	8	2017
168001302	416110	 		31629.55	8	2017
111000116	429199	 		32000	8	2017
111000116	448600	 		32000	8	2017
166001201	448700	 		32578.72	8	2017
166001203	416180	 		32763.26	8	2017
140001703	441100	 		33000	8	2017
150001005	448100	 		33000	8	2017
151000604	448000	 		33000	8	2017
141700405	441100	 		34000	8	2017
156001401	431100	 		34500	8	2017
140000310	456100	 		35000	8	2017
141300409	442100	 		35000	8	2017
166001204	471100	 		35000	8	2017
166001203	437110	 		37684.02	8	2017
150001717	469110	 		37935.92	8	2017
140000305	416110	 		37965.54	8	2017
156000208	431100	 		38000	8	2017
102000103	94000015	H		38670.24	8	2017
151000602	448000	 		39000	8	2017
133000201	414700	 		40000	8	2017
140000302	448200	 		40000	8	2017
150000507	421140	 		40000	8	2017
163001001	456100	 		40000	8	2017
168001301	448800	 		40000	8	2017
166001202	437120	 		40001.69	8	2017
133000203	459100	 		40200	8	2017
130000127	448800	 		40372	8	2017
150000502	422140	 		41000	8	2017
110200126	448300	 		42000	8	2017
153000704	448100	 		42000	8	2017
103001501	446100	 		43068	8	2017
120000120	416110	 		43932.76	8	2017
150000510	448700	 		44411.96	8	2017
168001303	441100	 		44500	8	2017
133000204	448800	 		45000	8	2017
166001308	471100	 		45000	8	2017
137000220	448200	 		46000	8	2017
168001301	416170	 		46138.04	8	2017
123001718	441100	 		48800	8	2017
140000304	448200	 		49000	8	2017
137000220	416110	 		49128.39	8	2017
156001307	431100	 		49300	8	2017
150000504	414100	 		49500	8	2017
141700405	414100	 		50000	8	2017
150001005	421140	 		50000	8	2017
156001402	431100	 		50000	8	2017
168001301	432100	 		50000	8	2017
168001302	442100	 		50000	8	2017
168001303	431100	 		50000	8	2017
133000201	431100	 		50500	8	2017
111000116	448200	 		52000	8	2017
141700405	446100	 		53400	8	2017
162000906	431100	 		55000	8	2017
140000306	414100	 		56580.2	8	2017
156001401	414500	 		57500	8	2017
140000301	416110	 		59149.41	8	2017
166000112	94000000	H		59300.04	8	2017
133000206	446100	 		60000	8	2017
140000310	94000004	H		60000	8	2017
141700405	94000123	H		60000	8	2017
151000605	421100	 		60000	8	2017
110000109	94000005	H		61401.86	8	2017
103001501	458910	 		62300	8	2017
113000114	94000163	H		62680.92	8	2017
123000128	94000153	H		62690.04	8	2017
151000604	441100	 		63098	8	2017
166001203	437120	 		64244.05	8	2017
121201606	401100	 		65861.45	8	2017
110000124	416110	 		66829.11	8	2017
140000302	414100	 		68079.12	8	2017
151000606	414100	 		70000	8	2017
166001201	416170	 		71311.81	8	2017
140000303	448200	 		71500	8	2017
170001102	481114	H		71614.06	8	2017
114000107	94000001	H		72176.64	8	2017
103001501	448700	 		72792.92	8	2017
110200126	448400	 		74000	8	2017
166001201	431100	 		75350	8	2017
166001103	446100	 		76500	8	2017
168001301	416180	 		77076.21	8	2017
110000123	416110	 		77657.43	8	2017
140000306	94000004	H		79500	8	2017
162000909	431100	 		80000	8	2017
166001203	432100	 		80000	8	2017
110000123	448700	 		80022.32	8	2017
168001303	448100	 		81000	8	2017
150000503	421140	 		85000	8	2017
123000128	416110	 		86912.51	8	2017
111000115	94000011	H		87452.21	8	2017
140000304	416110	 		88317.41	8	2017
110000124	448500	 		90000	8	2017
150001712	441100	 		90000	8	2017
121000121	448500	 		90500	8	2017
153000702	94000000	H		90500.04	8	2017
153000701	414100	 		90700	8	2017
110000109	94000003	H		91750.2	8	2017
140000307	446100	 		92200	8	2017
150001005	431100	 		92500	8	2017
140000305	414100	 		93140.88	8	2017
140000306	431100	 		95000	8	2017
151000602	416110	 		97666.68	8	2017
166001204	416180	 		98965.31	8	2017
121000122	456200	 		100000	8	2017
150001716	441100	 		100000	8	2017
140000301	446100	 		101000	8	2017
150000501	448400	 		102000	8	2017
137000219	416100	 		102016.63	8	2017
141300409	441100	 		103500	8	2017
140000302	94000004	H		106500	8	2017
170001208	481113	H		107626.12	8	2017
110000109	448500	 		108000	8	2017
151000605	421120	 		110000	8	2017
140000308	414100	 		111000	8	2017
151000608	94000004	H		111000	8	2017
166001103	416100	 		114462.52	8	2017
141000401	414100	 		115000	8	2017
140000303	414100	 		116451.24	8	2017
111000116	448700	 		118315.4	8	2017
152000801	416100	 		118601.09	8	2017
110000123	448500	 		120000	8	2017
137000219	446100	 		120000	8	2017
166001308	416110	 		120917	8	2017
168001303	448800	 		124000	8	2017
140000305	448200	 		125000	8	2017
166001203	416100	 		126095.37	8	2017
140000305	94000004	H		127875.32	8	2017
103001501	448200	 		131008	8	2017
161001003	431100	 		131500	8	2017
150000510	94000002	H		132283.2	8	2017
110000109	94000073	H		132500	8	2017
150000502	422120	 		135000	8	2017
152000803	416110	 		139975.34	8	2017
150001005	416110	 		140179.27	8	2017
152000803	441100	 		143000	8	2017
103001502	458900	 		143040.67	8	2017
150000502	422190	 		144500	8	2017
130000127	94000002	H		145019.73	8	2017
150001708	469110	 		146494.25	8	2017
140000307	416110	 		147083.15	8	2017
133000202	456100	 		150000	8	2017
190000104	94000004	H		162000	8	2017
111000116	94000005	H		163497.08	8	2017
140000303	94000004	H		180749.76	8	2017
103001502	446100	 		184560	8	2017
161000901	414100	 		185000	8	2017
140000304	414100	 		187738.88	8	2017
150000504	414800	 		188000	8	2017
162000907	448500	 		191500	8	2017
153000704	431100	 		198500	8	2017
110200126	416110	 		203119.65	8	2017
123000128	416100	 		210127.28	8	2017
166001202	416110	 		212086.7	8	2017
120101604	461500	 		215000	8	2017
137000219	416110	 		217685.31	8	2017
156001402	94000004	H		226000	8	2017
153000702	431100	 		227000	8	2017
110770131	94000005	H		227058.22	8	2017
166001103	481115	H		227150.2	8	2017
150001713	441100	 		229000	8	2017
110990133	94000005	H		229673.11	8	2017
150001713	457100	 		242874.98	8	2017
110880132	94000005	H		246175.63	8	2017
104000105	94000002	H		248963.33	8	2017
125000108	448500	 		249500	8	2017
141300409	432100	 		249500	8	2017
190600903	94000005	H		249559.55	8	2017
121201606	403600	 		250000	8	2017
150000501	421120	 		250000	8	2017
166001201	471100	 		250000	8	2017
152000803	416100	 		251344.58	8	2017
103001501	458900	 		259252.93	8	2017
130000127	94000003	H		261499.08	8	2017
151000605	414100	 		263524	8	2017
166000112	94000055	H		265200	8	2017
170001102	94000003	H		270427.56	8	2017
133000202	431100	 		272500	8	2017
152000803	94000000	H		274200	8	2017
140000304	94000004	H		274499.88	8	2017
166001203	416110	 		274776.49	8	2017
130000127	94000011	H		278364.24	8	2017
162000907	431100	 		280000	8	2017
141200410	414100	 		282000	8	2017
120000120	94000011	H		285519.95	8	2017
120101602	461700	 		290380	8	2017
150000502	421110	 		295000	8	2017
111000116	456600	 		300000	8	2017
110000109	441100	 		301500	8	2017
121000122	94000011	H		304322.58	8	2017
150000506	414100	 		322500	8	2017
110660130	94000005	H		325863.04	8	2017
137000219	432200	 		330000	8	2017
162000907	94000055	H		340040.04	8	2017
110000123	94000003	H		343349.76	8	2017
152000803	481100	H		351150	8	2017
133000201	456100	 		351500	8	2017
110000123	94000000	H		356129.64	8	2017
137000219	431100	 		356500	8	2017
125000108	94000065	H		357900.12	8	2017
161000902	414100	 		372610	8	2017
150000511	94000004	H		377000	8	2017
190000113	94000002	H		380163.75	8	2017
152000801	416110	 		392010.38	8	2017
166001201	437110	 		411349.67	8	2017
166001201	432100	 		430000	8	2017
150000502	421120	 		440500	8	2017
168001301	416100	 		452577	8	2017
110000109	94000063	H		454301.88	8	2017
152000801	441100	 		460000	8	2017
151000602	429100	 		476100	8	2017
110000109	94000025	H		477815.16	8	2017
140000301	94000004	H		480875.04	8	2017
162000907	94000000	H		482619.96	8	2017
137000219	94000000	H		493300.2	8	2017
140000309	414100	 		500000	8	2017
150000502	421140	 		500500	8	2017
110200126	448500	 		510000	8	2017
141600406	432100	 		510676.25	8	2017
190001507	459100	 		519600	8	2017
133000207	448100	 		520000	8	2017
121201606	481111	H		534390.19	8	2017
166001103	416120	 		538114.7	8	2017
166001103	481112	H		541407.12	8	2017
150000511	448200	 		571500	8	2017
166001204	416110	 		575486.79	8	2017
120101601	461700	 		577119.74	8	2017
120000120	94000005	H		580073.74	8	2017
120001605	413200	 		593656	8	2017
151000604	414100	 		599796	8	2017
141800404	414100	 		602200	8	2017
133000204	432100	 		615000	8	2017
140000301	414100	 		631348.68	8	2017
166001201	416100	 		661627.53	8	2017
133000206	431100	 		664200	8	2017
151000605	422120	 		700000	8	2017
110000123	94000013	H		710950.08	8	2017
141200410	446100	 		719020	8	2017
150000507	421110	 		740901	8	2017
121201606	403400	 		780000	8	2017
151000602	446100	 		819853.86	8	2017
151000601	414100	 		820650	8	2017
166001103	437110	 		823704.84	8	2017
130000127	448500	 		842550	8	2017
121000121	94000011	H		857903.2	8	2017
152000801	94000004	H		865876	8	2017
168001301	416110	 		890713.45	8	2017
151000605	422100	 		900000	8	2017
111000115	94000002	H		937137.55	8	2017
166001103	437120	 		976759.7	8	2017
150001005	432100	 		1000000	8	2017
150000511	414200	 		1020000	8	2017
130000127	94000001	H		1039124.25	8	2017
137000219	448400	 		1041000	8	2017
120201510	465100	 		1041300	8	2017
121201606	403500	 		1120000	8	2017
133000203	441100	 		1130000	8	2017
111000116	448100	 		1132000	8	2017
166001103	471100	 		1145000	8	2017
110000109	94000083	H		1184412.24	8	2017
168001303	94000035	H		1200000	8	2017
190001507	469110	 		1271120	8	2017
121000122	94000001	H		1284721.25	8	2017
111000116	448500	 		1341154.19	8	2017
102000103	94000005	H		1387981.37	8	2017
120000120	94000001	H		1401208.3	8	2017
123000128	454100	 		1404441	8	2017
162000908	456500	 		1431000	8	2017
110000123	94000143	H		1434160.44	8	2017
130000127	94000023	H		1525965.84	8	2017
166001103	94000000	H		1528999.92	8	2017
121201606	403200	 		1624000	8	2017
163000904	94000075	H		1626143.44	8	2017
111000116	94000103	H		1654567.56	8	2017
121000121	456200	 		1720000	8	2017
141800404	446100	 		1740000	8	2017
168001301	94000085	H		1753130.13	8	2017
170001102	442100	 		1936024	8	2017
150000507	448100	 		1988000	8	2017
111000116	94000011	H		2029579.61	8	2017
152000803	432100	 		2038185	8	2017
141700405	432100	 		2050000	8	2017
166001103	448200	 		2100000	8	2017
166001201	437120	 		2144747.51	8	2017
111000116	442100	 		2150000	8	2017
166001201	416180	 		2236805.36	8	2017
151000601	432200	 		2286800	8	2017
166001205	432100	 		2292500	8	2017
166001201	416110	 		2504158.78	8	2017
114000107	94000005	H		2535206.93	8	2017
150000501	456400	 		2800000	8	2017
168001301	94000035	H		2833411.08	8	2017
166001204	416100	 		3007056.75	8	2017
163001001	431100	 		3125000	8	2017
166001103	416110	 		3349232.51	8	2017
111000116	94000033	H		3383035.8	8	2017
151000602	448200	 		3386150.71	8	2017
121000121	94000001	H		3451650.49	8	2017
133000205	431100	 		3460000	8	2017
141200410	448800	 		3658000	8	2017
121201606	403100	 		3998000	8	2017
121201606	456200	 		4010500	8	2017
110000124	94000015	H		4325760	8	2017
150000510	405200	 		4506432	8	2017
150000502	448200	 		5001100	8	2017
150000501	94000004	H		5455000	8	2017
133000204	431100	 		5465000	8	2017
168001303	432100	 		5700000	8	2017
110200126	94000015	H		6279000	8	2017
170001208	432100	 		6458075.67	8	2017
111000116	94000002	H		6674556.14	8	2017
133000204	456100	 		6700000	8	2017
111000116	448000	 		6707000	8	2017
120101603	94000133	H		6862094.48	8	2017
123000128	441100	 		6958710	8	2017
140000301	432200	 		7502788	8	2017
120001605	448100	 		7506930	8	2017
120001605	414000	 		7633710	8	2017
140000301	413201	 		8161236	8	2017
161001207	414100	 		9437950	8	2017
120100129	94000183	H		9953884.32	8	2017
166001103	94000113	H		10000000.08	8	2017
190001507	441100	 		10139999.48	8	2017
120001605	414100	 		12265216	8	2017
137000221	432100	 		13215000	8	2017
151000605	448200	 		15297700	8	2017
151000602	432200	 		16897610	8	2017
121201606	405100	 		18645223	8	2017
120001605	451100	 		18951000	8	2017
120101601	94000133	H		21243893.31	8	2017
150000501	405200	 		28833552	8	2017
170001102	432100	 		33098799.87	8	2017
121201606	402200	 		33512745	8	2017
150000502	448100	 		38255200	8	2017
120100129	94000173	H		51840996	8	2017
151000602	414100	 		58108697.11	8	2017
150000503	448100	 		61873692	8	2017
120001605	411100	 		64839121	8	2017
166001103	432100	 		76000000	8	2017
121201606	401200	 		93194104.81	8	2017
121201606	402100	 		184867800	8	2017
121201606	401300	 		229224000	8	2017
